pCp-Ga+
SCF Energy =  -2852.74255678 au
C    -2.85105400  -0.68383100   0.09669000
C    -2.54082600  -0.17411300  -1.16396500
C    -2.17496200   1.15609900  -1.33174500
C    -2.11586600   2.04101900  -0.25415100
C    -2.51550200   1.55447600   0.99143700
C    -2.86974100   0.22024900   1.16170900
H    -2.54868100  -0.82777400  -2.02839700
H    -1.90911100   1.50890800  -2.32235000
H    -2.52098600   2.21586500   1.85149800
H    -3.13610100  -0.13422500   2.15194900
C    -1.60507300   3.44379300  -0.43754500
H    -1.46321200   3.62893700  -1.50464300
H    -2.36536300   4.15767400  -0.10799600
C    -0.30733900   3.76604500   0.32540900
H     0.00000000   4.77927000   0.04616800
H    -0.51461400   3.80229100   1.39795100
C     0.83331200   2.81100000   0.09669000
C     1.11962600   2.28747600  -1.16396500
C     1.62561200   2.37514500   1.16170900
C     2.08869200   1.30552300  -1.33174500
H     0.55746700   2.62111000  -2.02839700
C     2.60396600   1.40125100   0.99143700
H     1.45180800   2.78305600   2.15194900
C     2.82550700   0.81188400  -0.25415100
H     2.26130800   0.89888400  -2.32235000
H     3.17948800   1.07530500   1.85149800
C     3.78494900  -0.33186300  -0.43754500
H     4.78333300  -0.03037300  -0.10799600
H     3.87435800  -0.54729000  -1.50464300
C     3.41516000  -1.61685900   0.32540900
H     4.13896900  -2.38963500   0.04616800
H     3.55018800  -1.45547700   1.39795100
C    -3.10782100  -2.14918500   0.32540900
H    -3.03557400  -2.34681400   1.39795100
H    -4.13896900  -2.38963500   0.04616800
C    -2.17987600  -3.11193000  -0.43754500
H    -2.41797000  -4.12730100  -0.10799600
H    -2.41114600  -3.08164700  -1.50464300
C    -0.70964100  -2.85290300  -0.25415100
C    -0.08846500  -2.95572600   0.99143700
C     0.08627000  -2.46162200  -1.33174500
C     1.24413000  -2.59539300   1.16170900
H    -0.65850200  -3.29117000   1.85149800
C     1.42119900  -2.11336300  -1.16396500
H    -0.35219800  -2.40779300  -2.32235000
C     2.01774200  -2.12716900   0.09669000
H     1.68429300  -2.64883100   2.15194900
H     1.99121400  -1.79333600  -2.02839700
Ga    0.00000000   0.00000000   0.40536600

pCp-In+
SCF Energy =  -1118.29403846 au
C     0.00000000   2.95744100  -0.10974400
C     0.36198100   2.39711300  -1.33315200
C     1.57294900   1.74030400  -1.49633600
C     2.48900300   1.61590500  -0.45227400
C     2.18452900   2.28458400   0.73597100
C     0.96551600   2.93904600   0.90245100
H    -0.32058100   2.44638100  -2.17159500
H     1.80234600   1.29980100  -2.45981000
H     2.89411900   2.27293300   1.55719000
H     0.74618400   3.41390700   1.85365700
C     3.73003500   0.77871300  -0.61729300
H     3.89188700   0.59953300  -1.68282600
H     4.60097500   1.34321200  -0.27358700
C     3.73462300  -0.56512200   0.13910300
H     4.66402800  -1.08379900  -0.11967400
H     3.79475000  -0.37291700   1.21438400
C     2.56121900  -1.47872000  -0.10974400
C     1.89497000  -1.51204100  -1.33315200
C     2.06253000  -2.30568400   0.90245100
C     0.72067300  -2.23236600  -1.49633600
H     2.27891900  -0.94555900  -2.17159500
C     0.88624300  -3.03415000   0.73597100
H     2.58343800  -2.35316800   1.85365700
C     0.15491300  -2.96349200  -0.45227400
H     0.22448800  -2.21077800  -2.45981000
H     0.52135800  -3.64284700   1.55719000
C    -1.19063200  -3.61966100  -0.61729300
H    -1.13723200  -4.65616700  -0.27358700
H    -1.42673300  -3.67023900  -1.68282600
C    -2.35672100  -2.95171700   0.13910300
H    -3.27061200  -3.49726700  -0.11967400
H    -2.22033000  -3.09989200   1.21438400
C    -1.37790100   3.51683900   0.13910300
H    -1.57442000   3.47280800   1.21438400
H    -1.39341600   4.58106600  -0.11967400
C    -2.53940300   2.84094800  -0.61729300
H    -3.46374300   3.31295500  -0.27358700
H    -2.46515400   3.07070700  -1.68282600
C    -2.64391600   1.34758700  -0.45227400
C    -3.07077200   0.74956600   0.73597100
C    -2.29362200   0.49206200  -1.49633600
C    -3.02804600  -0.63336200   0.90245100
H    -3.41547700   1.36991500   1.55719000
C    -2.25695100  -0.88507100  -1.33315200
H    -2.02683400   0.91097700  -2.45981000
C    -2.56121900  -1.47872000  -0.10974400
H    -3.32962200  -1.06073900   1.85365700
H    -1.95833800  -1.50082200  -2.17159500
In    0.00000000   0.00000000   0.94713700

pCp-Tl+
SCF Energy =  -1100.67990157 au
C    -2.91819600  -0.44322700  -0.28324000
C    -2.41202800  -0.00314000  -1.50404300
C    -1.94705300   1.29285400  -1.66807300
C    -1.96844800   2.21929400  -0.62673400
C    -2.58820800   1.81982800   0.55958300
C    -3.05179900   0.51567100   0.72648300
H    -2.35572000  -0.68607500  -2.34154100
H    -1.54440600   1.58499300  -2.63101400
H    -2.69295000   2.52662100   1.37685200
H    -3.49944800   0.23046900   1.67371500
C    -1.32883900   3.57240800  -0.79178900
H    -1.17634400   3.75977200  -1.85730700
H    -2.01710200   4.34880800  -0.44711200
C     0.00000000   3.77669900  -0.03670500
H     0.37687600   4.77121900  -0.29884000
H    -0.19873200   3.81249800   1.03862800
C     1.07525300   2.74884500  -0.28324000
C     1.20329400   2.09044700  -1.50404300
C     1.97248300   2.38510000   0.72648300
C     2.09317100   1.03977000  -1.66807300
H     0.58370100   2.38315100  -2.34154100
C     2.87012200   1.33154000   0.55958300
H     1.94931600   2.91537600   1.67371500
C     2.90618900   0.59507900  -0.62673400
H     2.14484700   0.54499800  -2.63101400
H     3.53459400   1.06885300   1.37685200
C     3.75821600  -0.63539600  -0.79178900
H     4.77472900  -0.42754200  -0.44711200
H     3.84423000  -0.86114200  -1.85730700
C     3.27071700  -1.88834900  -0.03670500
H     3.94355800  -2.71199400  -0.29884000
H     3.40108600  -1.73414200   1.03862800
C    -3.27071700  -1.88834900  -0.03670500
H    -3.20235400  -2.07835600   1.03862800
H    -4.32043500  -2.05922500  -0.29884000
C    -2.42937700  -2.93701300  -0.79178900
H    -2.75762700  -3.92126500  -0.44711200
H    -2.66788600  -2.89863000  -1.85730700
C    -0.93774100  -2.81437300  -0.62673400
C    -0.28191300  -3.15136800   0.55958300
C    -0.14611800  -2.33262400  -1.66807300
C     1.07931600  -2.90077100   0.72648300
H    -0.84164300  -3.59547400   1.37685200
C     1.20873300  -2.08730700  -1.50404300
H    -0.60044100  -2.12999100  -2.63101400
C     1.84294400  -2.30561900  -0.28324000
H     1.55013200  -3.14584600   1.67371500
H     1.77201800  -1.69707500  -2.34154100
Tl    0.00000000   0.00000000   0.93458200

pCp-Ge2+
SCF Energy =  -3004.50389051 au
C    -2.85740300   0.01833500   0.17785000
C    -2.56607300   0.50805700  -1.09919200
C    -1.86718400   1.70227000  -1.27190300
C    -1.44458000   2.46541600  -0.17785000
C    -1.72302600   1.96825600   1.09919200
C    -2.40780100   0.76589400   1.27190300
H    -2.89194900  -0.04086800  -1.97597700
H    -1.66314100   2.05536500  -2.27717500
H    -1.41058200   2.52493500   1.97597700
H    -2.61156900   0.41264000   2.27717500
C    -0.67332800   3.73354400  -0.37162700
H    -0.52003100   3.90141100  -1.43913000
H    -1.26474300   4.58115400  -0.01352900
C     0.67332800   3.73354400   0.37162700
H     1.26474300   4.58115400   0.01352900
H     0.52003100   3.90141100   1.43913000
C     1.44458000   2.46541600   0.17785000
C     1.72302600   1.96825600  -1.09919200
C     1.86718400   1.70227000   1.27190300
C     2.40780100   0.76589400  -1.27190300
H     1.41058200   2.52493500  -1.97597700
C     2.56607300   0.50805700   1.09919200
H     1.66314100   2.05536500   2.27717500
C     2.85740300   0.01833500  -0.17785000
H     2.61156900   0.41264000  -2.27717500
H     2.89194900  -0.04086800   1.97597700
C     3.57000800  -1.28365300  -0.37162700
H     4.59976700  -1.19527800  -0.01352900
H     3.63873700  -1.50034500  -1.43913000
C     2.89668000  -2.44989200   0.37162700
H     3.33502500  -3.38587600   0.01352900
H     3.11870500  -2.40106600   1.43913000
C    -3.57000800  -1.28365300   0.37162700
H    -3.63873700  -1.50034500   1.43913000
H    -4.59976700  -1.19527800   0.01352900
C    -2.89668000  -2.44989200  -0.37162700
H    -3.33502500  -3.38587600  -0.01352900
H    -3.11870500  -2.40106600  -1.43913000
C    -1.41282300  -2.48375100  -0.17785000
C    -0.84304600  -2.47631300   1.09919200
C    -0.54061700  -2.46816400  -1.27190300
C     0.54061700  -2.46816400   1.27190300
H    -1.48136700  -2.48406700   1.97597700
C     0.84304600  -2.47631300  -1.09919200
H    -0.94842800  -2.46800500  -2.27717500
C     1.41282300  -2.48375100   0.17785000
H     0.94842800  -2.46800500   2.27717500
H     1.48136700  -2.48406700  -1.97597700
Ge    0.00000000   0.00000000   0.00000000

pCp-Sn2+
SCF Energy =  -1142.11431938 au
C    -2.93868300   0.05664300   0.17446600
C    -2.68687000   0.57809700  -1.10122000
C    -1.98729300   1.77546300  -1.26935400
C    -1.51839600   2.51665300  -0.17446600
C    -1.84408100   2.03784900   1.10122000
C    -2.53124200   0.83331500   1.26935400
H    -3.02159400   0.03918200  -1.98127300
H    -1.79460900   2.13586800  -2.27456500
H    -1.54472900   2.59718600   1.98127300
H    -2.74702100   0.48624300   2.27456500
C    -0.67270800   3.74297200  -0.37741100
H    -0.50173400   3.87800200  -1.44731600
H    -1.23154600   4.62530000  -0.05111200
C     0.67270800   3.74297200   0.37741100
H     1.23154600   4.62530000   0.05111200
H     0.50173400   3.87800200   1.44731600
C     1.51839600   2.51665300   0.17446600
C     1.84408100   2.03784900  -1.10122000
C     1.98729300   1.77546300   1.26935400
C     2.53124200   0.83331500  -1.26935400
H     1.54472900   2.59718600  -1.98127300
C     2.68687000   0.57809700   1.10122000
H     1.79460900   2.13586800   2.27456500
C     2.93868300   0.05664300  -0.17446600
H     2.74702100   0.48624300  -2.27456500
H     3.02159400   0.03918200   1.98127300
C     3.57786300  -1.28890400  -0.37741100
H     4.62140100  -1.24610000  -0.05111200
H     3.60931500  -1.50448700  -1.44731600
C     2.90515500  -2.45406800   0.37741100
H     3.38985500  -3.37920000   0.05111200
H     3.10758100  -2.37351600   1.44731600
C    -3.57786300  -1.28890400   0.37741100
H    -3.60931500  -1.50448700   1.44731600
H    -4.62140100  -1.24610000   0.05111200
C    -2.90515500  -2.45406800  -0.37741100
H    -3.38985500  -3.37920000  -0.05111200
H    -3.10758100  -2.37351600  -1.44731600
C    -1.42028700  -2.57329600  -0.17446600
C    -0.84278800  -2.61594600   1.10122000
C    -0.54394900  -2.60877800  -1.26935400
C     0.54394900  -2.60877800   1.26935400
H    -1.47686400  -2.63636800   1.98127300
C     0.84278800  -2.61594600  -1.10122000
H    -0.95241200  -2.62211100  -2.27456500
C     1.42028700  -2.57329600   0.17446600
H     0.95241200  -2.62211100   2.27456500
H     1.47686400  -2.63636800  -1.98127300
Sn    0.00000000   0.00000000   0.00000000

pCp-Pb2+
SCF Energy =  -1120.6971224 au
C    -2.94239800   0.05883700   0.17405700
C    -2.69230300   0.58182800  -1.10131200
C    -1.99338900   1.77939700  -1.26901800
C    -1.52215400   2.51877300  -0.17405700
C    -1.85003000   2.04068900   1.10131200
C    -2.53769700   0.83662800   1.26901800
H    -3.02924200   0.04427000  -1.98149700
H    -1.80344300   2.14192100  -2.27411900
H    -1.55296000   2.60126600   1.98149700
H    -2.75668000   0.49086700   2.27411900
C    -0.67310500   3.74360900  -0.37708900
H    -0.50209000   3.87770800  -1.44715400
H    -1.23021800   4.62725500  -0.05147900
C     0.67310500   3.74360900   0.37708900
H     1.23021800   4.62725500   0.05147900
H     0.50209000   3.87770800   1.44715400
C     1.52215400   2.51877300   0.17405700
C     1.85003000   2.04068900  -1.10131200
C     1.99338900   1.77939700   1.26901800
C     2.53769700   0.83662800  -1.26901800
H     1.55296000   2.60126600  -1.98149700
C     2.69230300   0.58182800   1.10131200
H     1.80344300   2.14192100   2.27411900
C     2.94239800   0.05883700  -0.17405700
H     2.75668000   0.49086700  -2.27411900
H     3.02924200   0.04427000   1.98149700
C     3.57861300  -1.28887900  -0.37708900
H     4.62243000  -1.24822700  -0.05147900
H     3.60923900  -1.50403100  -1.44715400
C     2.90550800  -2.45473100   0.37708900
H     3.39221100  -3.37902800   0.05147900
H     3.10714800  -2.37367700   1.44715400
C    -3.57861300  -1.28887900   0.37708900
H    -3.60923900  -1.50403100   1.44715400
H    -4.62243000  -1.24822700   0.05147900
C    -2.90550800  -2.45473100  -0.37708900
H    -3.39221100  -3.37902800  -0.05147900
H    -3.10714800  -2.37367700  -1.44715400
C    -1.42024400  -2.57761000  -0.17405700
C    -0.84227400  -2.62251700   1.10131200
C    -0.54430800  -2.61602400  -1.26901800
C     0.54430800  -2.61602400   1.26901800
H    -1.47628200  -2.64553500   1.98149700
C     0.84227400  -2.62251700  -1.10131200
H    -0.95323700  -2.63278800  -2.27411900
C     1.42024400  -2.57761000   0.17405700
H     0.95323700  -2.63278800   2.27411900
H     1.47628200  -2.64553500  -1.98149700
Pb    0.00000000   0.00000000   0.00000000

pCp-As3+
SCF Energy =  -3162.78300725 au
C    -2.76727700  -0.75501000   0.13100000
C    -2.89024000  -0.12192700  -1.10397100
C    -2.52251400   1.21350100  -1.28121200
C    -2.05105800   2.00221100  -0.22616900
C    -1.94165500   1.38792700   1.02906700
C    -2.24907500   0.01412100   1.19965000
H    -3.29383400  -0.66896700  -1.95030300
H    -2.62943400   1.65890000  -2.26569400
H    -1.65337100   1.96295100   1.90193500
H    -2.22186000  -0.40315500   2.20196000
C    -1.64245700   3.42344500  -0.42749100
H    -1.54129400   3.62397300  -1.49572900
H    -2.43749400   4.08744200  -0.06889700
C    -0.34373000   3.79135400   0.32188400
H     0.00000000   4.75687900  -0.06136500
H    -0.53586400   3.94015700   1.38592100
C     0.72978100   2.77403700   0.13100000
C     1.33952900   2.56398500  -1.10397100
C     1.13676700   1.94069600   1.19965000
C     2.31217900   1.57781100  -1.28121200
H     1.06757400   3.18702700  -1.95030300
C     2.17280700   0.98755900   1.02906700
H     0.76178800   2.12576500   2.20196000
C     2.75949500   0.77516300  -0.22616900
H     2.75136700   1.44770600  -2.26569400
H     2.52665100   0.45038600   1.90193500
C     3.78601900  -0.28931300  -0.42749100
H     4.75857600   0.06721100  -0.06889700
H     3.90909900  -0.47718600  -1.49572900
C     3.45527400  -1.59799800   0.32188400
H     4.11957800  -2.37843900  -0.06136500
H     3.68020900  -1.50600700   1.38592100
C    -3.11154400  -2.19335600   0.32188400
H    -3.14434400  -2.43415100   1.38592100
H    -4.11957800  -2.37843900  -0.06136500
C    -2.14356200  -3.13413200  -0.42749100
H    -2.32108200  -4.15465300  -0.06889700
H    -2.36780500  -3.14678600  -1.49572900
C    -0.70843700  -2.77737400  -0.22616900
C    -0.23115300  -2.37548600   1.02906700
C     0.21033500  -2.79131100  -1.28121200
C     1.11230900  -1.95481700   1.19965000
H    -0.87328000  -2.41333700   1.90193500
C     1.55071200  -2.44205800  -1.10397100
H    -0.12193300  -3.10660700  -2.26569400
C     2.03749700  -2.01902700   0.13100000
H     1.46007300  -1.72261000   2.20196000
H     2.22625900  -2.51806000  -1.95030300
As    0.00000000   0.00000000   0.22687400

pCp-Sb3+
SCF Energy =  -1167.5106511 au
C    -2.87895200   0.01854000   0.17627800
C    -2.58802400   0.51802500  -1.10451800
C    -1.88491800   1.71809000  -1.27560600
C    -1.45553200   2.48397600  -0.17627800
C    -1.74263500   1.98228200   1.10451800
C    -2.43036800   0.77334200   1.27560600
H    -2.92131300  -0.02204800  -1.98529100
H    -1.69103500   2.07550300  -2.28248800
H    -1.44156300   2.54095600   1.98529100
H    -2.64295500   0.42672800   2.28248800
C    -0.67852200   3.74552100  -0.36896700
H    -0.53954700   3.92953200  -1.43554300
H    -1.26342700   4.59068300   0.00916100
C     0.67852200   3.74552100   0.36896700
H     1.26342700   4.59068300  -0.00916100
H     0.53954700   3.92953200   1.43554300
C     1.45553200   2.48397600   0.17627800
C     1.74263500   1.98228200  -1.10451800
C     1.88491800   1.71809000   1.27560600
C     2.43036800   0.77334200  -1.27560600
H     1.44156300   2.54095600  -1.98529100
C     2.58802400   0.51802500   1.10451800
H     1.69103500   2.07550300   2.28248800
C     2.87895200   0.01854000  -0.17627800
H     2.64295500   0.42672800  -2.28248800
H     2.92131300  -0.02204800   1.98529100
C     3.58297700  -1.28514300  -0.36896700
H     4.60736200  -1.20118200   0.00916100
H     3.67284800  -1.49750400  -1.43554300
C     2.90445500  -2.46037800   0.36896700
H     3.34393500  -3.38950100  -0.00916100
H     3.13330100  -2.43202700   1.43554300
C    -3.58297700  -1.28514300   0.36896700
H    -3.67284800  -1.49750400   1.43554300
H    -4.60736200  -1.20118200  -0.00916100
C    -2.90445500  -2.46037800  -0.36896700
H    -3.34393500  -3.38950100   0.00916100
H    -3.13330100  -2.43202700  -1.43554300
C    -1.42342000  -2.50251600  -0.17627800
C    -0.84539000  -2.50030700   1.10451800
C    -0.54545000  -2.49143200  -1.27560600
C     0.54545000  -2.49143200   1.27560600
H    -1.47975100  -2.51890800   1.98529100
C     0.84539000  -2.50030700  -1.10451800
H    -0.95192100  -2.50223000  -2.28248800
C     1.42342000  -2.50251600   0.17627800
H     0.95192100  -2.50223000   2.28248800
H     1.47975100  -2.51890800  -1.98529100
Sb    0.00000000   0.00000000   0.00000000

pCp-Bi3+
SCF Energy =  -1141.91848668 au
C    -2.90340500   0.02973200   0.17507300
C    -2.62614800   0.54037300  -1.10538900
C    -1.92346500   1.74178600  -1.27489100
C    -1.47745100   2.49955600  -0.17507300
C    -1.78105000   2.00412400   1.10538900
C    -2.47016300   0.79487700   1.27489100
H    -2.96636400   0.00571300  -1.98701200
H    -1.73778200   2.10464400  -2.28151600
H    -1.48813000   2.56609000   1.98701200
H    -2.69156600   0.45264100   2.28151600
C    -0.67816400   3.74995800  -0.37045800
H    -0.53340200   3.92352000  -1.43818100
H    -1.25446300   4.60567200  -0.00310100
C     0.67816400   3.74995800   0.37045800
H     1.25446300   4.60567200   0.00310100
H     0.53340200   3.92352000   1.43818100
C     1.47745100   2.49955600   0.17507300
C     1.78105000   2.00412400  -1.10538900
C     1.92346500   1.74178600   1.27489100
C     2.47016300   0.79487700  -1.27489100
H     1.48813000   2.56609000  -1.98701200
C     2.62614800   0.54037300   1.10538900
H     1.73778200   2.10464400   2.28151600
C     2.90340500   0.02973200  -0.17507300
H     2.69156600   0.45264100  -2.28151600
H     2.96636400   0.00571300   1.98701200
C     3.58664100  -1.28767100  -0.37045800
H     4.61586000  -1.21643900  -0.00310100
H     3.66456900  -1.49982000  -1.43818100
C     2.90847600  -2.46228600   0.37045800
H     3.36139700  -3.38923300   0.00310100
H     3.13116700  -2.42370000   1.43818100
C    -3.58664100  -1.28767100   0.37045800
H    -3.66456900  -1.49982000   1.43818100
H    -4.61586000  -1.21643900   0.00310100
C    -2.90847600  -2.46228600  -0.37045800
H    -3.36139700  -3.38923300  -0.00310100
H    -3.13116700  -2.42370000  -1.43818100
C    -1.42595300  -2.52928800  -0.17507300
C    -0.84509700  -2.54449700   1.10538900
C    -0.54669800  -2.53666200  -1.27489100
C     0.54669800  -2.53666200   1.27489100
H    -1.47823400  -2.57180400   1.98701200
C     0.84509700  -2.54449700  -1.10538900
H    -0.95378400  -2.55728500  -2.28151600
C     1.42595300  -2.52928800   0.17507300
H     0.95378400  -2.55728500   2.28151600
H     1.47823400  -2.57180400  -1.98701200
Bi    0.00000000   0.00000000   0.00000000