pCp1Ga
SCF Energy =  -3313.04137362 au
C    -1.85839200  -1.44280500  -1.65148900
C    -2.00303700  -1.96325400  -0.36861200
C    -0.96468200  -2.65981200   0.23797900
C     0.24599400  -2.87874400  -0.41619500
C     0.35655100  -2.42003800  -1.72258400
C    -0.67320700  -1.71509900  -2.32441100
H    -2.92235600  -1.79805600   0.18231100
H    -1.10134100  -3.04194000   1.24587600
H     1.27137900  -2.58819800  -2.27838500
H    -0.54091800  -1.34891300  -3.33704500
C     1.38337500  -3.57010100   0.28538000
H     1.20336600  -3.51556100   1.36283200
H     1.38264700  -4.63755200   0.03540800
C     2.77592500  -3.00331500  -0.02335300
H     3.49931900  -3.52161900   0.61438600
H     3.05555900  -3.24354600  -1.05251700
C     2.87728800  -1.51729600   0.17715300
C     2.65085300  -0.93981500   1.42070500
C     3.14364300  -0.66472900  -0.88882000
C     2.62564300   0.43702500   1.57357400
H     2.45346300  -1.57210100   2.28068500
C     3.12895600   0.71146600  -0.73296800
H     3.34458600  -1.08636700  -1.86843400
C     2.83575000   1.29098100   0.49665000
H     2.40693700   0.85966200   2.54889600
H     3.32377600   1.34041600  -1.59425700
C     2.70710200   2.78001900   0.67032500
H     3.69917300   3.23758100   0.76070100
H     2.19972400   2.96910800   1.62069800
C     1.94878000   3.50022400  -0.45474100
H     1.82872800   4.54858300  -0.16390600
H     2.55526200   3.50484500  -1.36420100
C    -2.91398400  -0.56295600  -2.25890100
H    -2.66551100  -0.37936800  -3.30770600
H    -3.87930800  -1.07825800  -2.26028400
C    -3.09420700   0.76964700  -1.51647500
H    -3.81276300   1.38077200  -2.07486500
H    -3.55132300   0.58019200  -0.54114200
C    -1.82549800   1.54827400  -1.29428300
C    -0.79034600   1.55714600  -2.22149100
C    -1.64108100   2.28163000  -0.12178600
C     0.40121800   2.21204100  -1.96063700
H    -0.90230900   1.02848900  -3.15994000
C    -0.44560800   2.94306500   0.13580600
H    -2.44811500   2.32972100   0.60234500
C     0.61131400   2.89236500  -0.76665300
H     1.19674300   2.17680200  -2.69721200
H    -0.33389000   3.49246000   1.06586100
Cl   -3.11095200   0.06587600   2.36044600
Ga   -0.87970200   0.05572400   1.79378300

pCp1In
SCF Energy =  -1578.58868655 au
C     2.21610300   1.97942000  -0.85021000
C     1.81898700   2.58261100   0.34222300
C     0.51751900   3.03869300   0.51519600
C    -0.43711900   2.91525800  -0.49570100
C     0.00000000   2.43112700  -1.72289500
C     1.29462100   1.96981800  -1.89229200
H     2.51548700   2.65040000   1.17202400
H     0.22331000   3.43939700   1.48019300
H    -0.68972500   2.36602100  -2.55467500
H     1.58439600   1.56067800  -2.85389800
C    -1.88458200   3.24239300  -0.22748700
H    -2.06380600   3.11658700   0.84465700
H    -2.07041300   4.30225000  -0.43764000
C    -2.92940100   2.42307200  -1.00713000
H    -3.91594200   2.75876700  -0.67315900
H    -2.87149800   2.67121400  -2.07043300
C    -2.82228000   0.92949200  -0.85021000
C    -3.14610100   0.28398300   0.34222300
C    -2.35322300   0.13626600  -1.89229200
C    -2.89034500  -1.07116200   0.51519600
H    -3.55305700   0.85327500   1.17202400
C    -2.10541800  -1.21556400  -1.72289500
H    -2.14378500   0.59178800  -2.85389800
C    -2.30612800  -1.83618500  -0.49570100
H    -3.09026000  -1.52630700   1.48019300
H    -1.70417200  -1.78033000  -2.55467500
C    -1.86570400  -3.25329200  -0.22748700
H    -2.69065100  -3.94415500  -0.43764000
H    -1.66714000  -3.34560200   0.84465700
C    -0.63374100  -3.74847200  -1.00713000
H    -0.43119200  -4.77068900  -0.67315900
H    -0.87759000  -3.82239700  -2.07043300
C     3.56314200   1.32540000  -1.00713000
H     3.74908800   1.15118300  -2.07043300
H     4.34713400   2.01192100  -0.67315900
C     3.75028600   0.01089900  -0.22748700
H     4.76106400  -0.35809500  -0.43764000
H     3.73094700   0.22901500   0.84465700
C     2.74324700  -1.07907300  -0.49570100
C     2.10541800  -1.21556400  -1.72289500
C     2.37282600  -1.96753100   0.51519600
C     1.05860200  -2.10608400  -1.89229200
H     2.39389700  -0.58569100  -2.55467500
C     1.32711400  -2.86659500   0.34222300
H     2.86695000  -1.91309000   1.48019300
C     0.60617600  -2.90891200  -0.85021000
H     0.55938800  -2.15246600  -2.85389800
H     1.03757100  -3.50367600   1.17202400
Cl    0.00000000   0.00000000   3.56126700
In    0.00000000   0.00000000   1.03727700

pCp1Tl
SCF Energy =  -1560.97740491 au
C    -0.84845200  -2.87723200  -1.13084600
C     0.38312400  -2.90188400  -0.48271400
C     1.45565100  -2.15068500  -0.95042300
C     1.33503100  -1.34357800  -2.08272700
C     0.12583900  -1.38098100  -2.76662900
C    -0.94097100  -2.13023400  -2.29906400
H     0.50946900  -3.51002300   0.40868200
H     2.40446500  -2.17432600  -0.42257400
H    -0.00006800  -0.79909500  -3.67129200
H    -1.87734400  -2.11615800  -2.84645400
C     2.47703100  -0.46326700  -2.51319700
H     3.11538900  -0.28662400  -1.64260200
H     3.09860800  -0.99341400  -3.24404900
C     2.06203800   0.88423700  -3.12147900
H     2.97260800   1.46703500  -3.29012200
H     1.61077300   0.73266300  -4.10597800
C     1.10648400   1.66130500  -2.26032200
C     1.48135500   2.12719400  -1.00262000
C    -0.20132700   1.89602500  -2.66843000
C     0.55287100   2.73509600  -0.16584400
H     2.49867500   1.98421400  -0.65247500
C    -1.12396900   2.50633000  -1.83392400
H    -0.51507600   1.57365200  -3.65581200
C    -0.77547900   2.90775800  -0.55070600
H     0.87160900   3.08692300   0.81208900
H    -2.13893100   2.64637200  -2.18703500
C    -1.78180700   3.49192100   0.40329200
H    -1.90493300   4.56363300   0.20850900
H    -1.37658000   3.41722700   1.41659100
C    -3.16847800   2.83368500   0.36440600
H    -3.77216100   3.27131200   1.16595400
H    -3.67489300   3.09094200  -0.56948400
C    -2.05102300  -3.58258000  -0.57211000
H    -2.83801800  -3.59596800  -1.33067200
H    -1.81250200  -4.63014500  -0.36341500
C    -2.58923300  -2.95409700   0.72225300
H    -3.50964100  -3.48034200   1.00097700
H    -1.87845400  -3.14230100   1.53234600
C    -2.84185700  -1.47199900   0.65521100
C    -3.39746100  -0.86514200  -0.46562500
C    -2.49516800  -0.64897900   1.72186600
C    -3.53259800   0.51103500  -0.54088900
H    -3.70874500  -1.47040200  -1.30895000
C    -2.63821700   0.72814400   1.65081600
H    -2.08273600  -1.09571500   2.62130100
C    -3.12890200   1.33787400   0.50172700
H    -3.94122500   0.95551900  -1.44244100
H    -2.33522800   1.33823800   2.49635400
Cl    3.60198100   0.05337900   1.13559100
Tl    1.01561000  -0.08444900   1.43325200

pCp1Ge
SCF Energy =  -3925.2787096 au
C     1.22049800   2.76420700   0.88514900
C     1.11099400   2.72272200  -0.50012200
C     1.94047500   1.90834700  -1.25631400
C     2.92240500   1.12108100  -0.66358100
C     3.08143500   1.22452500   0.71389900
C     2.24562000   2.02886400   1.47079100
H     0.33904100   3.29692300  -0.99925000
H     1.80455700   1.86921300  -2.33302100
H     3.85129900   0.64770100   1.21406900
H     2.37965700   2.06572800   2.54746400
C     3.75566700   0.18319400  -1.49340100
H     3.27902600   0.07616900  -2.47176400
H     4.74000000   0.62578500  -1.68528200
C     3.96707300  -1.20707500  -0.87824000
H     4.49796900  -1.82337500  -1.61120200
H     4.62905300  -1.13149500  -0.01162400
C     2.69372100  -1.88504800  -0.45835100
C     1.69552800  -2.19311500  -1.37691000
C     2.45515000  -2.19376500   0.87565500
C     0.48376800  -2.72603700  -0.96437200
H     1.85401400  -1.99333900  -2.43229300
C     1.24767800  -2.73514600   1.28695000
H     3.22450800  -1.98809800   1.61294200
C     0.22165100  -2.97519900   0.38042900
H    -0.28902100  -2.92662600  -1.69830500
H     1.10161400  -2.95296400   2.33884200
C    -1.13965100  -3.45068600   0.81316500
H    -1.12755400  -4.53499800   0.97268000
H    -1.83922500  -3.26913400  -0.00705700
C    -1.68507700  -2.79013400   2.09099700
H    -2.70989700  -3.14255900   2.23990400
H    -1.11371600  -3.13128700   2.95829400
C     0.22129000   3.51781800   1.72004500
H     0.52585100   3.47659700   2.76955400
H     0.22447000   4.57759600   1.44690700
C    -1.21711700   3.00368000   1.56659100
H    -1.86207900   3.56148200   2.25566600
H    -1.58038400   3.23871600   0.56188400
C    -1.39937300   1.52725800   1.79067900
C    -0.56226000   0.79737100   2.62164500
C    -2.42495500   0.82605300   1.14298100
C    -0.68621500  -0.57703100   2.74295100
H     0.22439700   1.29870200   3.16894000
C    -2.55753200  -0.55690600   1.28119700
H    -3.14497000   1.37189600   0.54124200
C    -1.65678700  -1.28977400   2.04962200
H     0.00757800  -1.11133700   3.38162900
H    -3.35654400  -1.06491600   0.75329700
Cl   -2.57514800  -1.20723400  -2.11352800
Cl   -1.94689900   2.05376200  -2.12387400
Ge   -1.07464900   0.19691900  -1.20395000

pCp1Sn
SCF Energy =  -2062.87771398 au
C     2.91774900   0.89405700   0.94420200
C     2.91282600   0.93006300  -0.44663500
C     2.82690400  -0.23979800  -1.18883800
C     2.76169800  -1.48884900  -0.57614300
C     2.86503600  -1.52425500   0.80953100
C     2.93617600  -0.35713000   1.55191400
H     2.91959300   1.88258100  -0.96414300
H     2.78230500  -0.17414500  -2.27216400
H     2.85957900  -2.47531800   1.32810500
H     2.98535500  -0.42305300   2.63388300
C     2.55822600  -2.73423400  -1.39720900
H     2.13080800  -2.44046100  -2.36047700
H     3.52747100  -3.19191500  -1.62748400
C     1.66441000  -3.80915100  -0.75941000
H     1.53891800  -4.61365900  -1.49072500
H     2.17759900  -4.25601400   0.09619200
C     0.32083000  -3.30470500  -0.31355100
C    -0.64643400  -2.89051400  -1.22522900
C     0.01293800  -3.19421400   1.03730100
C    -1.83338700  -2.31145900  -0.79791800
H    -0.46308000  -2.99723900  -2.29034900
C    -1.17240700  -2.61875500   1.46455400
H     0.72570200  -3.54627300   1.77527800
C    -2.10004000  -2.12086900   0.55707400
H    -2.54963500  -1.95833400  -1.53177500
H    -1.36133900  -2.54064400   2.52812500
C    -3.33211100  -1.37128300   0.99190200
H    -4.15415700  -2.07394400   1.17058300
H    -3.65031800  -0.73686200   0.15982200
C    -3.17014100  -0.50386400   2.25145000
H    -4.10697200   0.04101100   2.40058600
H    -3.04494500  -1.14128000   3.13080500
C     2.84273700   2.15595500   1.75945600
H     3.01748100   1.91459000   2.81156700
H     3.64702300   2.83808900   1.46805000
C     1.51599500   2.91581300   1.60540600
H     1.53865400   3.78726100   2.27009200
H     1.44510200   3.31393100   0.58892400
C     0.27415300   2.10881700   1.87400100
C     0.25399600   1.05638400   2.77927800
C    -0.91644200   2.38254600   1.19010400
C    -0.86601200   0.25440400   2.92792300
H     1.13631300   0.83279000   3.36446500
C    -2.04541500   1.57593600   1.34530900
H    -0.96049500   3.23560500   0.51971500
C    -2.02160900   0.46292100   2.18405500
H    -0.82855500  -0.57280000   3.62777000
H    -2.93872300   1.80557000   0.77482600
Cl   -2.65574700   0.92089000  -2.10474300
Cl    0.40474700   2.73022200  -2.15625900
Sn   -0.42929500   0.67629400  -1.14171600

pCp1Pb
SCF Energy =  -2041.4514647 au
C     2.91420100   1.02926800   0.98273100
C     2.85219900   1.10854500  -0.40511800
C     2.82940000  -0.04132900  -1.18386500
C     2.88892500  -1.31040700  -0.61219800
C     3.04640200  -1.38068900   0.76755800
C     3.05282100  -0.23536800   1.54638100
H     2.76193000   2.07321500  -0.89078200
H     2.74132600   0.05587700  -2.26231400
H     3.13765200  -2.34485100   1.25273200
H     3.14829600  -0.33084500   2.62302900
C     2.76152200  -2.54269000  -1.46735200
H     2.28624600  -2.25627300  -2.41018000
H     3.75713200  -2.91456200  -1.73584900
C     1.97298200  -3.70218100  -0.83907600
H     1.88147900  -4.49021900  -1.59281100
H     2.54683200  -4.13575400  -0.01590200
C     0.61294600  -3.31215900  -0.33350400
C    -0.41478100  -2.94699400  -1.19994500
C     0.34620200  -3.26238800   1.02963700
C    -1.62791000  -2.47510400  -0.71582800
H    -0.26365100  -3.01386500  -2.27347500
C    -0.86332100  -2.79095800   1.51357200
H     1.10910400  -3.57968800   1.73227600
C    -1.85918900  -2.34265500   0.65346900
H    -2.39499800  -2.15804100  -1.41361000
H    -1.01924300  -2.75648500   2.58471500
C    -3.13047000  -1.70605200   1.15124100
H    -3.88789800  -2.47752100   1.33105300
H    -3.52436900  -1.07363400   0.35053600
C    -2.99483400  -0.86895700   2.43431900
H    -3.96544400  -0.40334800   2.62839000
H    -2.79327900  -1.52117500   3.28829500
C     2.77702500   2.25612400   1.84219600
H     3.00830600   1.99598300   2.87877900
H     3.51802600   3.00420600   1.54528900
C     1.39375100   2.92026700   1.75878900
H     1.37658600   3.76942200   2.45166500
H     1.25637100   3.34265700   0.75891800
C     0.22535400   2.01451300   2.04204500
C     0.31388200   0.93749300   2.91488300
C    -1.00378200   2.21571900   1.40219000
C    -0.73688600   0.04768000   3.07133600
H     1.22872900   0.76580300   3.46693000
C    -2.06192300   1.31844400   1.56231000
H    -1.13039500   3.07694800   0.75296000
C    -1.92709300   0.18666200   2.36605000
H    -0.61507900  -0.79352900   3.74439100
H    -2.98487600   1.49125800   1.01928500
Cl   -2.79094700   0.63732100  -1.88573500
Cl    0.23632800   2.77494900  -1.97427000
Pb   -0.43847300   0.56055000  -0.92542800

pCp1As
SCF Energy =  -4544.21054817 au
C     1.86069100   2.25104300  -1.40675600
C     1.35663700   2.61819800  -0.16337200
C     0.00000000   2.84332600   0.01918000
C    -0.90323700   2.72204100  -1.03485100
C    -0.38633300   2.42292400  -2.28922400
C     0.96726300   2.18844300  -2.46889900
H     2.02703300   2.70718100   0.68428300
H    -0.36783900   3.11572600   1.00333900
H    -1.04984600   2.34529000  -3.14240000
H     1.33362900   1.92822700  -3.45652200
C    -2.37920400   2.89605600  -0.79956100
H    -2.56968100   2.77844400   0.27085500
H    -2.68000100   3.92017300  -1.04953400
C    -3.27490200   1.92440500  -1.58090800
H    -4.30729200   2.07639800  -1.25041900
H    -3.25721900   2.17343500  -2.64521400
C    -2.87980500   0.48588400  -1.40675600
C    -2.94574500  -0.13421800  -0.16337200
C    -2.37887800  -0.25654800  -2.46889900
C    -2.46239300  -1.42166300   0.01918000
H    -3.35800400   0.40187200   0.68428300
C    -1.90514700  -1.54603600  -2.28922400
H    -2.33670800   0.19084300  -3.45652200
C    -1.90573800  -2.14324700  -1.03485100
H    -2.51437800  -1.87642100   1.00333900
H    -1.50615800  -2.08183800  -3.14240000
C    -1.31845600  -3.50847900  -0.79956100
H    -2.05496900  -4.28103500  -1.04953400
H    -1.12136300  -3.61463200   0.27085500
C    -0.02913200  -3.79835100  -1.58090800
H     0.35543200  -4.76842300  -1.25041900
H    -0.25364100  -3.90755200  -2.64521400
C     3.30403400   1.87394600  -1.58090800
H     3.51085900   1.73411700  -2.64521400
H     3.95186000   2.69202500  -1.25041900
C     3.69766000   0.61242300  -0.79956100
H     4.73497000   0.36086200  -1.04953400
H     3.69104400   0.83618700   0.27085500
C     2.80897500  -0.57879400  -1.03485100
C     2.29148000  -0.87688800  -2.28922400
C     2.46239300  -1.42166300   0.01918000
C     1.41161600  -1.93189500  -2.46889900
H     2.55600300  -0.26345200  -3.14240000
C     1.58910800  -2.48398100  -0.16337200
H     2.88221700  -1.23930500   1.00333900
C     1.01911500  -2.73692700  -1.40675600
H     1.00307900  -2.11907000  -3.45652200
H     1.33097100  -3.10905300   0.68428300
Cl   -0.20187000  -1.87857000   2.86440500
Cl    1.72782400   0.76446000   2.86440500
Cl   -1.52595400   1.11411000   2.86440500
As    0.00000000   0.00000000   1.74882500

pCp1Sb
SCF Energy =  -2548.91119635 au
C    -1.19876300  -2.68730900  -1.42760600
C    -0.59088400  -2.95750300  -0.20507600
C     0.78014000  -2.80575500  -0.03889600
C     1.59720300  -2.38883600  -1.08995000
C     0.99603500  -2.20131100  -2.32824500
C    -0.37231200  -2.34447800  -2.49098400
H    -1.19480800  -3.26337000   0.64190300
H     1.22420400  -3.00749800   0.93068300
H     1.59716800  -1.91524300  -3.18253800
H    -0.80973200  -2.16317100  -3.46702800
C     3.06480500  -2.14180500  -0.86556600
H     3.21972200  -1.96539200   0.20243000
H     3.63574000  -3.04533600  -1.10911000
C     3.65665200  -0.96870500  -1.66108100
H     4.69488800  -0.83762500  -1.34120800
H     3.69584900  -1.21907000  -2.72452500
C     2.89601300   0.31496900  -1.48592600
C     2.85210400   0.96918900  -0.25826800
C     2.16322700   0.86528300  -2.53069500
C     2.03885700   2.07953800  -0.06814200
H     3.43651800   0.59393900   0.57437400
C     1.35910000   1.97795400  -2.34428000
H     2.20410000   0.40140900  -3.51051200
C     1.24719900   2.58480000  -1.09961600
H     2.01184400   2.55901700   0.90522700
H     0.79245700   2.36057500  -3.18423600
C     0.30423300   3.73060200  -0.84791700
H     0.79597900   4.67852200  -1.09547700
H     0.09656200   3.76913600   0.22499200
C    -1.02391600   3.66184600  -1.61629000
H    -1.64970200   4.49311600  -1.27745500
H    -0.84905700   3.82837600  -2.68252700
C    -2.69332100  -2.70692900  -1.57866000
H    -2.94670800  -2.63211200  -2.63948300
H    -3.09341900  -3.66663500  -1.23760000
C    -3.40125200  -1.59600800  -0.78883100
H    -4.47274200  -1.64249500  -1.01555000
H    -3.30966000  -1.80231200   0.28112800
C    -2.88534800  -0.20494300  -1.04183200
C    -2.44300900   0.20406000  -2.29361700
C    -2.82054000   0.72586000  -0.00486600
C    -1.88518500   1.45798200  -2.48331000
H    -2.50975200  -0.47188200  -3.13725900
C    -2.26953700   1.98651200  -0.19818200
H    -3.20124900   0.45598300   0.97498500
C    -1.75147900   2.36013100  -1.43475400
H    -1.52555700   1.73202100  -3.46943100
H    -2.21854000   2.67445500   0.63829800
Cl   -0.25952300   1.98372100   2.70806900
Cl   -1.53083300  -1.23434500   2.73248200
Cl    1.89221800  -0.72628000   2.68869000
Sb    0.01812000   0.00396300   1.42349700

pCp1Bi
SCF Energy =  -2523.30369491 au
C     2.90283700   0.38980800  -1.58875500
C     2.82473400   1.03682100  -0.35850400
C     1.98257100   2.12801700  -0.17603700
C     1.19391300   2.61912800  -1.21774100
C     1.33891000   2.01981500  -2.46321500
C     2.17289200   0.92775200  -2.64209800
H     3.40635400   0.67331400   0.48128600
H     1.93137100   2.60349000   0.79838400
H     0.77658300   2.39343300  -3.31017600
H     2.24109100   0.47097300  -3.62364000
C     0.22121200   3.74143300  -0.97461300
H     0.00000000   3.77256600   0.09586100
H     0.69307400   4.70101400  -1.21530400
C    -1.09541500   3.64057700  -1.75889000
H    -1.74733200   4.45291000  -1.42387300
H    -0.91397600   3.81523000  -2.82269900
C    -1.78900300   2.31902600  -1.58875500
C    -2.31028100   1.92788100  -0.35850400
C    -1.88990300   1.41790300  -2.64209800
C    -2.83420200   0.65294900  -0.17603700
H    -2.28628400   2.61333200   0.48128600
C    -2.41866600   0.14962300  -2.46321500
H    -1.52842000   1.70535500  -3.62364000
C    -2.86518700  -0.27560500  -1.21774100
H    -3.22037400   0.37087200   0.79838400
H    -2.46106500  -0.52417600  -3.31017600
C    -3.35078200  -1.67914200  -0.97461300
H    -4.41773400  -1.75028700  -1.21530400
H    -3.26713800  -1.88628300   0.09586100
C    -2.60512400  -2.76894600  -1.75889000
H    -2.98266700  -3.73968900  -1.42387300
H    -2.84709800  -2.69914200  -2.82269900
C     3.70053900  -0.87163100  -1.75889000
H     3.76107400  -1.11608800  -2.82269900
H     4.73000000  -0.71322100  -1.42387300
C     3.12957000  -2.06229100  -0.97461300
H     3.72466000  -2.95072600  -1.21530400
H     3.26713800  -1.88628300   0.09586100
C     1.67127500  -2.34352300  -1.21774100
C     1.07975600  -2.16943800  -2.46321500
C     0.85163100  -2.78096500  -0.17603700
C    -0.28298900  -2.34565500  -2.64209800
H     1.68448300  -1.86925700  -3.31017600
C    -0.51445400  -2.96470200  -0.35850400
H     1.28900300  -2.97436100   0.79838400
C    -1.11383400  -2.70883500  -1.58875500
H    -0.71267100  -2.17632800  -3.62364000
H    -1.12007000  -3.28664600   0.48128600
Bi    0.00000000   0.00000000   1.23990800
Cl   -0.33611500   2.05299800   2.57618600
Cl   -1.60989100  -1.31758300   2.57618600
Cl    1.94600600  -0.73541500   2.57618600