pCp2Ga
SCF Energy =  -5697.78524848 au
C    -3.04746600   1.53569800   0.15454500
C    -3.18595800   1.07386400   1.45864400
C    -2.65649200  -0.14876300   1.84480100
C    -1.96824100  -0.96153300   0.94444500
C    -1.86224300  -0.51208700  -0.37104900
C    -2.38933400   0.71334300  -0.75426500
H    -3.70643800   1.68288800   2.19082900
H    -2.76352700  -0.47473600   2.87464100
H    -1.35462400  -1.11871500  -1.10859300
H    -2.26503200   1.04635200  -1.77869600
C    -1.36472900  -2.26376100   1.39493100
H    -1.13941600  -2.18478400   2.46226100
H    -2.10657600  -3.06341100   1.29558700
C    -0.11249500  -2.68917200   0.62672300
H     0.30740600  -3.57163000   1.12013500
H    -0.39320700  -3.01307600  -0.37844100
C     0.92499700  -1.60677700   0.53126200
C     1.36393600  -0.92245400   1.65774300
C     1.44781400  -1.22161300  -0.70114600
C     2.25018800   0.13854600   1.55005200
H     0.99538900  -1.20524900   2.63782600
C     2.32553500  -0.15242300  -0.81302100
H     1.13978600  -1.75191400  -1.59678300
C     2.72230600   0.56944900   0.31269800
H     2.55845500   0.66798100   2.44567300
H     2.69677800   0.13304600  -1.79056400
C     3.58219400   1.79214000   0.18720900
H     4.56678000   1.51080500  -0.19988700
H     3.74829200   2.21226500   1.18257300
C     2.98137400   2.85314700  -0.74070700
H     3.60465700   3.75248600  -0.68087000
H     3.05562000   2.51109200  -1.77646800
C    -3.52399500   2.89682800  -0.25399200
H    -3.54271800   2.95244800  -1.34540400
H    -4.55067300   3.05949000   0.08744900
C    -2.63300900   4.02262400   0.29842100
H    -2.96468400   4.97141600  -0.13571000
H    -2.78437600   4.10267400   1.37823500
C    -1.17235200   3.80100700   0.02972300
C    -0.67179300   3.74402900  -1.26728700
C    -0.28486000   3.57820100   1.07485000
C     0.65887600   3.44189500  -1.50422800
H    -1.33598700   3.91779000  -2.10855500
C     1.05034400   3.29425500   0.83777800
H    -0.65038800   3.61156000   2.09609300
C     1.54567600   3.20482300  -0.45780400
H     1.01870200   3.38012500  -2.52666000
H     1.70853100   3.11957100   1.68108900
Cl   -3.65701400  -3.42581400  -1.17081000
Cl    5.80265600  -0.90072900  -1.06759400
Ga    4.37590800  -2.02703000   0.29138300
Ga   -4.64043300  -1.51441600  -0.42734600

pCp2In
SCF Energy =  -2228.89299523 au
C    -1.37536600  -0.87440600   0.55566700
C    -1.72261300  -0.20698200  -0.61868100
C    -2.44179000   0.97904400  -0.58099800
C    -2.84011300   1.54964800   0.62517700
C    -2.52341800   0.86870600   1.79513100
C    -1.80842100  -0.32065500   1.75982100
H    -1.42268900  -0.61445600  -1.57580800
H    -2.67841200   1.48422300  -1.51117900
H    -2.82956300   1.27620000   2.75337400
H    -1.55884900  -0.82157000   2.68988000
C    -3.53224000   2.88028900   0.65272500
H    -3.84891200   3.13593700  -0.36159200
H    -4.44404400   2.82194900   1.25499500
C    -2.64825700   4.00286500   1.21696300
H    -3.18093900   4.95313200   1.09997700
H    -2.52130600   3.85307900   2.29252100
C    -1.28770200   4.08480400   0.58324900
C    -1.12470500   4.11108200  -0.79739000
C    -0.14017500   4.09622900   1.36802700
C     0.13763900   4.09787400  -1.36739200
H    -1.99573700   4.11581400  -1.44419400
C     1.12216500   4.11020600   0.79803900
H    -0.23759100   4.07932200   2.44885400
C     1.28517500   4.08558700  -0.58262600
H     0.23505300   4.08227300  -2.44824100
H     1.99317900   4.11425200   1.44486200
C     2.64574100   4.00458500  -1.21645900
H     3.17781400   4.95518900  -1.09940200
H     2.51877100   3.85490800  -2.29203200
C     3.53055700   2.88250900  -0.65254800
H     4.44232000   2.82492800  -1.25495300
H     3.84721200   3.13815200   0.36177500
C    -0.54956200  -2.12961700   0.53024800
H    -0.11214400  -2.28911500   1.51916300
H    -1.19777800  -2.99017400   0.33464000
C     0.55106900  -2.12929100  -0.53079600
H     1.19974700  -2.98950800  -0.33523000
H     0.11373900  -2.28896600  -1.51972100
C     1.37615800  -0.87360100  -0.55610300
C     1.72352000  -0.20647800   0.61839000
C     1.80833100  -0.31907900  -1.76021100
C     2.44194200   0.98001600   0.58089300
H     1.42427600  -0.61457300   1.57547000
C     2.52257600   0.87073400  -1.79531800
H     1.55862400  -0.81973300  -2.69037200
C     2.83934800   1.55138000  -0.62521200
H     2.67872800   1.48490800   1.51118900
H     2.82800100   1.27886400  -2.75352100
Cl   -3.39320600  -3.22742000  -1.56066800
Cl    3.39499100  -3.22735600   1.55994400
In    4.46397300  -1.59995700   0.04198300
In   -4.46313700  -1.60140100  -0.04181400

pCp2Tl
SCF Energy =  -2193.65090942 au
C    -1.37001400  -0.57913200   0.56206200
C    -1.72074300   0.09070900  -0.60994400
C    -2.44089300   1.27562900  -0.56783800
C    -2.83890100   1.84205600   0.64064300
C    -2.51738300   1.15942800   1.80876200
C    -1.79864800  -0.02780900   1.76891800
H    -1.42594700  -0.31746200  -1.56831800
H    -2.67955600   1.78326600  -1.49626200
H    -2.81947200   1.56599300   2.76883400
H    -1.54309100  -0.52915400   2.69720400
C    -3.52918400   3.17386400   0.67265200
H    -3.85188300   3.43012200  -0.33969800
H    -4.43708500   3.11838200   1.28122200
C    -2.63998000   4.29536700   1.23110500
H    -3.17193000   5.24646600   1.11716500
H    -2.50705300   4.14536400   2.30591300
C    -1.28280300   4.37587400   0.58994000
C    -1.12689200   4.40043300  -0.79152600
C    -0.13124400   4.38888800   1.36879700
C     0.13251300   4.38714100  -1.36796200
H    -2.00114000   4.40389200  -1.43394400
C     1.12813900   4.40317300   0.79235200
H    -0.22307300   4.37307300   2.45012100
C     1.28406600   4.37688900  -0.58910000
H     0.22435800   4.36989700  -2.44926000
H     2.00243300   4.40873000   1.43472000
C     2.64136300   4.29713300  -1.23004400
H     3.17326800   5.24811900  -1.11504100
H     2.50877000   4.14803900  -2.30501600
C     3.53034200   3.17514100  -0.67216000
H     4.43849800   3.12007900  -1.28038700
H     3.85256400   3.43065700   0.34052900
C    -0.54815800  -1.83647400   0.52977800
H    -0.10857900  -2.00338200   1.51649000
H    -1.20018300  -2.69286100   0.32795600
C     0.54984500  -1.83572700  -0.53401900
H     1.20202400  -2.69222200  -0.33314500
H     0.11035900  -2.00163200  -1.52094400
C     1.37140000  -0.57811500  -0.56501600
C     1.72079300   0.09147600   0.60754800
C     1.80118000  -0.02634100  -1.77125700
C     2.44076800   1.27654800   0.56651600
H     1.42509800  -0.31703300   1.56550700
C     2.51980400   1.16100700  -1.81001900
H     1.54671200  -0.52747800  -2.69995500
C     2.84002600   1.84333700  -0.64137100
H     2.67830100   1.78403600   1.49531100
H     2.82288400   1.56783300  -2.76966900
Cl   -3.34317100  -2.96209300  -1.63289600
Cl    3.34086500  -2.96509000   1.63127400
Tl    4.48133800  -1.32828300   0.02304400
Tl   -4.48219500  -1.32707000  -0.02174300

pCp2Ge
SCF Energy =  -6922.25547578 au
C    -1.01876500  -0.97790000   1.26986500
C    -1.44633200  -0.61014500  -0.00956500
C    -2.50009700   0.28524000  -0.18470200
C    -3.18720200   0.81316100   0.90187500
C    -2.78563000   0.41354500   2.17294900
C    -1.71951600  -0.45442000   2.35246700
H    -0.93075500  -0.98738200  -0.88355000
H    -2.79056500   0.56598800  -1.18945700
H    -3.30822700   0.79853800   3.04300100
H    -1.41934400  -0.73011300   3.35817600
C    -4.27659100   1.82196700   0.69622100
H    -4.60012200   1.78285500  -0.34667600
H    -5.14956000   1.56774400   1.30459200
C    -3.83020200   3.25188500   1.04372400
H    -4.62649900   3.94378500   0.75088900
H    -3.72138200   3.34178400   2.12797900
C    -2.53179800   3.63518500   0.39373000
C    -2.38964600   3.65072300  -0.99031000
C    -1.41011100   3.92106300   1.16199300
C    -1.16075400   3.90323400  -1.57678500
H    -3.24622400   3.43819100  -1.62251400
C    -0.18565700   4.19441100   0.57428800
H    -1.49287300   3.91411200   2.24397700
C    -0.03293700   4.17079300  -0.80692800
H    -1.07090700   3.88120700  -2.65838100
H     0.66633600   4.40669600   1.21035900
C     1.29968700   4.40273200  -1.46529100
H     1.50363300   5.47721900  -1.53425300
H     1.24090900   4.04338900  -2.49639000
C     2.48607600   3.73423100  -0.76024600
H     3.37372600   3.85686400  -1.38894000
H     2.70503000   4.25175300   0.17687000
C     0.14441700  -1.90344400   1.48324600
H     0.57627800  -1.69448300   2.46569400
H    -0.22041100  -2.93535400   1.52656600
C     1.23000100  -1.83470600   0.40921400
H     2.08085200  -2.43431600   0.74723100
H     0.87963600  -2.30751000  -0.51075300
C     1.67267700  -0.43112100   0.10244700
C     1.97744100   0.47689900   1.12101200
C     1.71455300   0.04409400  -1.21281000
C     2.26119400   1.80279700   0.83576100
H     1.97894500   0.14282100   2.15158200
C     2.00060700   1.36995100  -1.49203400
H     1.50806500  -0.64370400  -2.02554500
C     2.25915300   2.27920100  -0.47017600
H     2.47944700   2.48450200   1.65055100
H     2.00894400   1.70276700  -2.52438000
Cl   -4.25524800  -2.05139800  -1.98821600
Cl   -1.98208100  -4.02250900  -0.51222500
Cl    4.68527300  -1.59555500   1.80907500
Cl    4.34572500  -2.31146500  -1.43918700
Ge    4.49888300  -0.52631100  -0.13319300
Ge   -3.47828100  -2.47205800   0.05016500

pCp2Sn
SCF Energy =  -3197.44977347 au
C     1.07638800  -0.78906900  -1.16898600
C     1.54136800  -0.30850300   0.05886700
C     2.50386100   0.69691500   0.11898700
C     3.04515600   1.25063700  -1.03795600
C     2.59983800   0.75203600  -2.25875600
C     1.63566400  -0.24375000  -2.32212700
H     1.13353100  -0.69749700   0.98366000
H     2.83656700   1.04769700   1.08784500
H     3.00798500   1.15486200  -3.18040000
H     1.30018300  -0.60114000  -3.29033200
C     4.02252900   2.38433000  -0.95041700
H     4.44914000   2.40368400   0.05528400
H     4.85640700   2.22060300  -1.63907500
C     3.38396700   3.74652800  -1.27053000
H     4.12090400   4.52872200  -1.05937600
H     3.17370500   3.80058900  -2.34214000
C     2.10942200   4.00846100  -0.51933900
C     2.04388000   3.91100200   0.86675600
C     0.93678800   4.31257200  -1.20092100
C     0.83941700   4.05639000   1.53514200
H     2.94132200   3.69147900   1.43595700
C    -0.26200800   4.48707700  -0.52925300
H     0.96049300   4.40154100  -2.28228600
C    -0.33876900   4.33491700   0.85055600
H     0.81097900   3.94031900   2.61388600
H    -1.15475900   4.72388900  -1.09803300
C    -1.64524800   4.43596300   1.58835800
H    -1.95389200   5.48401000   1.67097800
H    -1.49317400   4.08157400   2.61148400
C    -2.79549200   3.64555600   0.94751900
H    -3.66185100   3.69618900   1.61389900
H    -3.09787700   4.12313700   0.01244900
C     0.00931300  -1.84441500  -1.24700100
H    -0.50183400  -1.75979400  -2.20970300
H     0.47874800  -2.83389900  -1.23850900
C    -1.00432100  -1.80313000  -0.10665300
H    -1.80733300  -2.51026900  -0.33714200
H    -0.54640500  -2.17251900   0.81395600
C    -1.57336100  -0.43406200   0.15111300
C    -1.82474100   0.46764800  -0.88800300
C    -1.81769500   0.00961600   1.45572200
C    -2.24410000   1.76416000  -0.62741500
H    -1.67196900   0.15762600  -1.91408600
C    -2.23869600   1.30631300   1.70946200
H    -1.66052400  -0.67624700   2.28097400
C    -2.43713600   2.21539600   0.67308800
H    -2.41058400   2.44175600  -1.45706400
H    -2.40249100   1.61761000   2.73598500
Cl    4.77295300  -1.22008300   1.99860900
Cl    2.43543500  -3.67296300   0.80913500
Cl   -4.16174500  -1.90877500  -2.09395000
Cl   -4.30736300  -2.62777700   1.40181800
Sn   -4.53885400  -0.72314800  -0.03542400
Sn    3.90543100  -1.99957800  -0.10063400

pCp2Pb
SCF Energy =  -3154.5879396 au
C     1.10323000  -0.59962400  -1.07814700
C     1.56213300  -0.02939700   0.11298900
C     2.45785600   1.03628900   0.10215600
C     2.93440700   1.56973400  -1.09383400
C     2.49649100   0.98393100  -2.27853900
C     1.59930000  -0.07588000  -2.27014300
H     1.20833100  -0.40484300   1.06511100
H     2.79356800   1.44950200   1.04476400
H     2.85466400   1.36832800  -3.22846500
H     1.26536400  -0.50044400  -3.21145700
C     3.83485200   2.76857000  -1.08046100
H     4.29876800   2.84808600  -0.09448900
H     4.65010200   2.63990600  -1.79827100
C     3.09430400   4.07431400  -1.41443200
H     3.78745600   4.90863600  -1.26256700
H     2.83443900   4.07782700  -2.47652900
C     1.83872900   4.28348500  -0.61505300
C     1.83389800   4.20399400   0.77385100
C     0.62616500   4.52152200  -1.25160100
C     0.65131000   4.29611900   1.48923200
H     2.76328000   4.03907900   1.30896900
C    -0.55143300   4.64743400  -0.53307900
H     0.60170500   4.59742200  -2.33398300
C    -0.56588300   4.50570100   0.85009200
H     0.67231200   4.19170700   2.56932100
H    -1.47680900   4.83526500  -1.06685600
C    -1.84647800   4.54283800   1.63769600
H    -2.21726900   5.57117300   1.71144100
H    -1.63357200   4.21983800   2.66034700
C    -2.97044900   3.66847700   1.05952000
H    -3.81287100   3.68586000   1.75725300
H    -3.33274600   4.10350900   0.12480400
C     0.10320300  -1.72183700  -1.07428100
H    -0.44492400  -1.71557600  -2.02031600
H     0.63561200  -2.67810700  -1.03436100
C    -0.87204100  -1.68937400   0.09847900
H    -1.64351700  -2.44713000  -0.07260500
H    -0.36427900  -1.99844900   1.01543900
C    -1.51058700  -0.34632700   0.32891000
C    -1.76093400   0.54207100  -0.72218900
C    -1.83788300   0.08276700   1.62025500
C    -2.26080500   1.81483500  -0.48344800
H    -1.55104000   0.23998500  -1.74001800
C    -2.33694300   1.35628400   1.85244700
H    -1.68416200  -0.59480700   2.45295800
C    -2.53556600   2.25573100   0.80642700
H    -2.42299800   2.48210600  -1.32182500
H    -2.56256800   1.65855000   2.87004400
Cl    5.06359700  -0.48344800   1.95527300
Cl    2.72671800  -3.30212200   1.01138600
Cl   -3.86743100  -1.83720200  -2.23806200
Cl   -4.21023100  -2.74368100   1.37851800
Pb   -4.46131700  -0.73292700  -0.07101800
Pb    4.08503400  -1.51704500  -0.09679600

pCp2As
SCF Energy =  -8160.11118171 au
C    -1.21290500   4.04283500  -0.13977600
C    -0.45356900   3.90306600  -1.29586200
C     0.92817200   3.83345200  -1.23563600
C     1.60318400   3.90185100  -0.02192300
C     0.84597900   4.08652900   1.12936700
C    -0.53563300   4.15480800   1.06929800
H    -0.94772100   3.81973100  -2.25839600
H     1.49563800   3.69980200  -2.15134000
H     1.33847000   4.15230200   2.09402200
H    -1.10397300   4.27472100   1.98643600
C     3.09370000   3.71865700   0.04352100
H     3.46949500   3.50588200  -0.96081200
H     3.57965500   4.64963200   0.35348500
C     3.53063400   2.61021600   1.00686000
H     4.60696600   2.44669400   0.87932300
H     3.39849400   2.94526000   2.03921700
C     2.80181800   1.30630800   0.83741600
C     2.42605500   0.83247100  -0.41688100
C     2.47843300   0.52524500   1.94311400
C     1.72926100  -0.35855500  -0.55244700
H     2.66484600   1.40462300  -1.30462000
C     1.79662300  -0.67442700   1.80628100
H     2.76007300   0.86854000   2.93360100
C     1.39622400  -1.13214300   0.55484100
H     1.43439500  -0.69266000  -1.54096700
H     1.55752300  -1.25455000   2.69216400
C     0.56910400  -2.37419600   0.39925100
H     1.05859300  -3.22603900   0.88125900
H     0.49533400  -2.61806200  -0.66328100
C    -0.84176600  -2.21823900   0.98958300
H    -1.43594900  -3.09768600   0.72133700
H    -0.77796000  -2.20189000   2.08059200
C    -2.71493100   4.00500400  -0.18296900
H    -3.09965900   4.07779300   0.83777600
H    -3.10502900   4.87948800  -0.71391200
C    -3.26786900   2.74795900  -0.86355200
H    -4.35699200   2.73011900  -0.74137300
H    -3.09463900   2.80841300  -1.94115800
C    -2.67968200   1.45707800  -0.36510100
C    -2.39612500   1.24579300   0.97930100
C    -2.39062200   0.42417400  -1.25487400
C    -1.82341000   0.05967100   1.41299800
H    -2.60312700   2.02496200   1.70321600
C    -1.83323600  -0.76825700  -0.81951800
H    -2.60678300   0.55802100  -2.30958400
C    -1.52713500  -0.96720900   0.52527400
H    -1.58713400  -0.06466100   2.46446400
H    -1.62488900  -1.55223900  -1.54009400
Cl    5.93251400   0.25029200  -1.01161200
Cl    4.34562700  -2.56674000  -1.70521600
Cl    6.43503200  -2.42943800   0.84178000
Cl   -6.61316500  -1.42408500   1.42334900
Cl   -4.57870400  -3.11504500  -0.54681200
Cl   -5.93377800  -0.28383100  -1.59590600
As    4.76404700  -1.28803100   0.01275900
As   -4.87427100  -1.06470700   0.14700900

pCp2Sb
SCF Energy =  -4169.50234524 au
C     1.25720900  -0.53256800  -0.91000400
C     1.59735400   0.00907500   0.32857400
C     2.42460600   1.11838400   0.42156600
C     2.95523700   1.72355100  -0.71466600
C     2.63965900   1.16536100  -1.94969100
C     1.80305200   0.06264300  -2.04411300
H     1.20288900  -0.42830600   1.23730500
H     2.66154200   1.52247400   1.39847000
H     3.04081200   1.60820700  -2.85593500
H     1.55917900  -0.34025500  -3.02206200
C     3.77974800   2.97099600  -0.60041100
H     4.08974700   3.09512300   0.43989900
H     4.69837300   2.87709900  -1.18743300
C     3.02543900   4.22433800  -1.07305800
H     3.63910300   5.10239100  -0.84498600
H     2.92368500   4.19291600  -2.16120400
C     1.65733500   4.36883000  -0.46924400
C     1.46125600   4.34680600   0.90744800
C     0.53383500   4.48528500  -1.27925200
C     0.18639800   4.39300000   1.44689100
H     2.31464500   4.26980700   1.57328900
C    -0.73946900   4.55682500  -0.73856900
H     0.65798200   4.50736800  -2.35719000
C    -0.93919300   4.48857700   0.63551100
H     0.06064700   4.34241700   2.52381200
H    -1.59062100   4.64530000  -1.40529300
C    -2.31764100   4.48493100   1.23613800
H    -2.75026900   5.49093100   1.20024000
H    -2.23218600   4.22890200   2.29564200
C    -3.29711600   3.51524000   0.55878500
H    -4.22170400   3.49460700   1.14411900
H    -3.56892800   3.89285600  -0.42990500
C     0.32821600  -1.70879000  -1.02607600
H    -0.08818100  -1.72671200  -2.03674200
H     0.89610700  -2.63931700  -0.91942200
C    -0.80127300  -1.72330700   0.00565500
H    -1.51112300  -2.50916600  -0.27274200
H    -0.41143400  -2.01251700   0.98455800
C    -1.51591200  -0.40729400   0.13981500
C    -1.83374000   0.36602600  -0.97514400
C    -1.85420800   0.10197300   1.39355300
C    -2.43282300   1.60825500  -0.83732800
H    -1.59774500   0.00094000  -1.96737300
C    -2.45711000   1.34359300   1.52907100
H    -1.63250900  -0.48481400   2.27866800
C    -2.74082400   2.12913000   0.41527500
H    -2.64907500   2.19366200  -1.72423400
H    -2.69232300   1.71340300   2.52189900
Cl    5.35636400  -0.35511000   1.82413500
Cl    6.34026300  -2.70208400  -0.57570700
Cl    3.25841500  -3.06691200   1.03533400
Cl   -4.14379000  -2.16905600  -1.94572100
Cl   -7.01227900  -1.38947700  -0.09818000
Cl   -4.19053700  -2.69060400   1.51332900
Sb   -4.69552600  -0.96298400   0.00091500
Sb    4.45116800  -1.37500300  -0.09154200

pCp2Bi
SCF Energy =  -4118.2788967 au
C    -2.78501500   1.57634000  -0.93244300
C    -2.40166900   1.13405800   0.33344500
C    -1.72664200  -0.06748700   0.49991900
C    -1.42343700  -0.88543500  -0.58661100
C    -1.82951200  -0.45828100  -1.84912100
C    -2.48958400   0.75177200  -2.01700600
H    -2.62498100   1.73461500   1.20539700
H    -1.43637900  -0.37958500   1.49658000
H    -1.61400600  -1.07174500  -2.71844000
H    -2.77651700   1.06786900  -3.01491900
C    -0.62254300  -2.13963900  -0.39718800
H    -0.58877700  -2.38052700   0.66762900
H    -1.10583700  -2.98606600  -0.89361200
C     0.80948700  -2.00401500  -0.94171600
H     1.38352300  -2.88637400  -0.64242600
H     0.78300500  -1.99724800  -2.03433500
C     1.48883300  -0.75504200  -0.46319600
C     1.79407000  -0.57032400   0.88569600
C     1.78316400   0.28499100  -1.33926400
C     2.35075600   0.61901900   1.33525700
H     1.59684700  -1.36641200   1.59549200
C     2.35198000   1.46969500  -0.89062900
H     1.55012900   0.17278600  -2.39282000
C     2.63489700   1.66747200   0.45819800
H     2.57174200   0.73796800   2.39055800
H     2.55596500   2.25748600  -1.60542000
C     3.21804100   2.95306900   0.97572300
H     4.31075100   2.91565900   0.90268100
H     3.00196500   3.01623300   2.04506500
C     2.70966200   4.21510400   0.27185300
H     3.09293100   5.08325100   0.81725100
H     3.13486800   4.28277200  -0.73320600
C    -3.49667900   2.88534100  -1.13423200
H    -3.32500900   3.21241600  -2.16327200
H    -4.57740000   2.72780500  -1.04229700
C    -3.08923600   3.99409100  -0.15947000
H    -3.55810900   4.92552500  -0.49218700
H    -3.50634700   3.78721700   0.82946500
C    -1.60062000   4.16716200  -0.04133700
C    -0.80172200   4.34089600  -1.16595300
C    -0.96969000   4.09728700   1.19609900
C     0.57776700   4.39354400  -1.05762900
H    -1.25932900   4.41379100  -2.14715000
C     0.40978100   4.14922000   1.30433700
H    -1.57066900   3.97836000   2.09228900
C     1.21074400   4.27434100   0.17461800
H     1.17881600   4.50976900  -1.95421600
H     0.86805000   4.06697100   2.28452100
Bi   -4.78512200  -0.97701500  -0.05346000
Cl   -4.25157400  -2.29797100   1.93478000
Cl   -6.75977400  -2.25165100  -0.75054500
Cl   -5.98041100   0.84334300   1.07256900
Bi    4.85246500  -0.81073500  -0.15708700
Cl    4.56235900  -2.94045300   1.01188000
Cl    6.12059100   0.35708700   1.58234600
Cl    6.76224000  -1.47496200  -1.54357900