pCp3Ga
SCF Energy =  -8082.52995079 au
C     1.28186700   2.69589500   0.27107900
C     0.78871900   2.91065300   1.55327900
C    -0.56203500   2.76774700   1.83357100
C    -1.47664400   2.40565900   0.84544000
C    -0.98587400   2.22872200  -0.44741500
C     0.36723900   2.36861500  -0.72501000
H     1.47097600   3.18382200   2.35181500
H    -0.91551800   2.92282600   2.84802900
H    -1.66406500   1.97049200  -1.25030800
H     0.72114400   2.20132600  -1.73665000
C    -2.92926500   2.20965400   1.17904200
H    -3.01165400   2.01371700   2.25163300
H    -3.47646400   3.13945600   0.99027300
C    -3.61517300   1.09152700   0.39009900
H    -4.61658600   0.94342700   0.80655700
H    -3.76482100   1.41050900  -0.64413500
C    -2.85225000  -0.20194300   0.40679300
C    -2.45143900  -0.78967400   1.60034200
C    -2.48570200  -0.83507800  -0.77833600
C    -1.67672900  -1.93983000   1.60709300
H    -2.73334500  -0.33676300   2.54471300
C    -1.70445600  -1.98225400  -0.77473500
H    -2.80020300  -0.40990500  -1.72603300
C    -1.26234600  -2.54435300   0.42268800
H    -1.36287200  -2.36546300   2.55473300
H    -1.42729100  -2.44050800  -1.71712500
C    -0.34014800  -3.72797000   0.43384000
H    -0.86226600  -4.60526500   0.03887300
H    -0.07819300  -3.96200200   1.46884200
C     0.92937200  -3.50832000  -0.39519000
H     1.60645800  -4.35182900  -0.22112100
H     0.68039900  -3.54184600  -1.45887500
C     2.75140800   2.74980500  -0.02257000
H     2.90142200   2.70736600  -1.10406800
H     3.17340900   3.70167300   0.31328500
C     3.53063100   1.60725800   0.64672900
H     4.56459500   1.62729100   0.28850200
H     3.56291600   1.77368300   1.72664300
C     2.92822400   0.25904900   0.38437100
C     2.80005300  -0.23947400  -0.91257500
C     2.43227800  -0.52269500   1.42401200
C     2.16517900  -1.45063800  -1.15191300
H     3.19696000   0.32876600  -1.74645900
C     1.80382300  -1.73547000   1.18225300
H     2.52219700  -0.16242100   2.44336900
C     1.64297500  -2.21615600  -0.11120100
H     2.06242000  -1.80397200  -2.17293800
H     1.42324500  -2.30620800   2.02127700
Cl   -3.14033600   4.90510800  -1.25352500
Cl   -3.36863500  -5.12040400  -1.14598300
Cl    6.37543100  -0.24873900  -0.82670500
Ga    5.10299500  -1.90526000   0.05658500
Ga   -4.20788400  -3.40471200   0.07881200
Ga   -1.06868900   5.20178000  -0.36750400

pCp3In
SCF Energy =  -2879.19197765 au
C    -2.34421400  -1.00277300  -0.82673800
C    -1.93027000  -1.38502900   0.44884600
C    -1.06825400  -2.45786600   0.63140900
C    -0.59073400  -3.19631300  -0.44712600
C    -1.02683600  -2.83756300  -1.71827800
C    -1.88402500  -1.76206600  -1.90285800
H    -2.28286800  -0.83951900   1.31357500
H    -0.74525200  -2.71343300   1.63504600
H    -0.68502300  -3.39944900  -2.58188300
H    -2.19343300  -1.49318600  -2.90796300
C     0.41314500  -4.29097100  -0.23908200
H     0.42953800  -4.56141700   0.81993500
H     0.12067200  -5.18955900  -0.79038500
C     1.82982100  -3.88223100  -0.67889500
H     2.52861500  -4.67433000  -0.39279200
H     1.86097700  -3.81122800  -1.76918400
C     2.25584700  -2.56872900  -0.09341800
C     2.49855800  -2.42229500   1.26844100
C     2.35736600  -1.43399900  -0.89195900
C     2.78983600  -1.18004000   1.81335000
H     2.44381900  -3.28849200   1.92026100
C     2.66088700  -0.19222000  -0.34972800
H     2.17496300  -1.51677000  -1.95818800
C     2.86032900  -0.03422700   1.02086300
H     2.94954100  -1.09195000   2.88340700
H     2.73771200   0.66385800  -1.00613900
C     3.14415200   1.30694000   1.63936400
H     4.22603100   1.47820000   1.65118700
H     2.82055300   1.27607500   2.68368700
C     2.49299700   2.49645600   0.92854800
H     2.67308500   3.39106000   1.53259300
H     2.99638600   2.67050700  -0.02543000
C    -3.25139800   0.17574200  -1.05217100
H    -3.06258500   0.57235300  -2.05344000
H    -4.29320900  -0.16248000  -1.04810200
C    -3.12749400   1.29417000  -0.01717800
H    -3.70761100   2.15021300  -0.37672300
H    -3.58480700   0.97608300   0.92295600
C    -1.70937900   1.71818500   0.23276100
C    -0.84764400   2.01999400  -0.82178200
C    -1.19039100   1.78572100   1.52446500
C     0.48833800   2.31523300  -0.58946600
H    -1.22342700   2.01622300  -1.83807800
C     0.14819000   2.06959500   1.75299600
H    -1.84381600   1.57741400   2.36591100
C     1.02081600   2.31071200   0.69785900
H     1.13896500   2.52753400  -1.43187400
H     0.52023300   2.08257500   2.77214900
Cl   -5.37429600  -1.76091100   1.24003000
Cl    5.96354500   1.17617100  -0.62990600
Cl   -3.13104900   4.67480800  -1.59092600
In   -1.42827300   4.94982600   0.17101600
In    5.61831500  -1.23020800  -0.20080000
In   -4.16404900  -3.54104700   0.03737100

pCp3Tl
SCF Energy =  -2826.32909139 au
C    -2.34564500  -0.98997900  -0.84413500
C    -1.93745600  -1.37314500   0.43316300
C    -1.08994100  -2.45640600   0.62011100
C    -0.62314300  -3.20650700  -0.45539400
C    -1.05209500  -2.84536400  -1.72867600
C    -1.89296300  -1.75744800  -1.91764100
H    -2.28725500  -0.82188200   1.29530700
H    -0.77018700  -2.71209700   1.62487100
H    -0.71507700  -3.41346900  -2.59027400
H    -2.19572500  -1.48578400  -2.92410200
C     0.36703300  -4.31294400  -0.24219500
H     0.37171500  -4.58655900   0.81621500
H     0.07063600  -5.20703100  -0.79888000
C     1.79237100  -3.91911600  -0.66803400
H     2.47866400  -4.72084300  -0.37800800
H     1.83348200  -3.84561500  -1.75788300
C     2.22843500  -2.61178400  -0.07557500
C     2.46045900  -2.47102800   1.28914300
C     2.34532400  -1.47534500  -0.86985100
C     2.75597400  -1.23214000   1.84000600
H     2.38990900  -3.33808000   1.93851300
C     2.65669400  -0.23823400  -0.32184900
H     2.16882400  -1.55323900  -1.93754600
C     2.84533500  -0.08532800   1.05082000
H     2.90451200  -1.14759300   2.91203500
H     2.75091900   0.61845000  -0.97502200
C     3.14126100   1.25075500   1.67407900
H     4.22542400   1.40676700   1.69230800
H     2.80778700   1.22283400   2.71548800
C     2.51454900   2.45097800   0.95897200
H     2.70318200   3.34086600   1.56736700
H     3.03201900   2.61839200   0.01139000
C    -3.24147500   0.19649700  -1.07256300
H    -3.04911300   0.59081700  -2.07407100
H    -4.28611800  -0.13292000  -1.06670400
C    -3.11073600   1.31426900  -0.03800700
H    -3.67396600   2.17789600  -0.40675600
H    -3.58192900   1.00288900   0.89750100
C    -1.68949900   1.71960000   0.22357100
C    -0.81170000   1.99703800  -0.82454300
C    -1.18485700   1.79613800   1.52051700
C     0.52481200   2.27898900  -0.58030500
H    -1.17732000   1.98790600  -1.84444900
C     0.15403900   2.06921500   1.76143100
H    -1.85045400   1.60343000   2.35625000
C     1.04210300   2.28667000   0.71343300
H     1.18814500   2.47141800  -1.41765600
H     0.51529900   2.08866600   2.78453000
Cl   -5.40608900  -1.62832800   1.28520200
Cl    5.98824500   1.18609100  -0.53632600
Cl   -3.10890100   4.62755400  -1.74187100
Tl   -1.38220700   4.97031500   0.11847300
Tl    5.62919700  -1.32285300  -0.15165900
Tl   -4.22219900  -3.51941200   0.03024200

pCp3Ge
SCF Energy =  -9919.23442478 au
C     1.45227400   1.47743700  -1.30259400
C     1.19725600   1.77383500   0.03935300
C     0.01816700   2.41142400   0.42276800
C    -0.92368200   2.81253800  -0.51648800
C    -0.64736600   2.55521800  -1.85659800
C     0.50916200   1.89379900  -2.23875000
H     1.90000400   1.47178500   0.80524300
H    -0.15640100   2.60718200   1.47388100
H    -1.35666200   2.86592500  -2.61730300
H     0.68447000   1.69079600  -3.29016300
C    -2.21388100   3.44012900  -0.08115500
H    -2.11376500   3.76914300   0.95608200
H    -2.42499600   4.33261100  -0.67692100
C    -3.40725900   2.47659200  -0.20141100
H    -4.28669100   2.94071200   0.25345200
H    -3.64956600   2.31839600  -1.25432300
C    -3.12779000   1.15030900   0.43605100
C    -3.01231400   1.00745500   1.81530700
C    -2.90722400   0.01800200  -0.35042400
C    -2.64974000  -0.20516400   2.38040200
H    -3.19203800   1.86241700   2.45890300
C    -2.54880100  -1.20037300   0.22266000
H    -2.98426300   0.09600100  -1.42935500
C    -2.40033500  -1.33038600   1.59862700
H    -2.55209900  -0.27944100   3.45881700
H    -2.39208700  -2.05053300  -0.42697400
C    -1.99354100  -2.63080900   2.23525300
H    -2.88873700  -3.21398400   2.47872900
H    -1.51508600  -2.40818800   3.19295400
C    -1.06544300  -3.50401100   1.38545400
H    -0.73733600  -4.34965800   1.99775400
H    -1.61999800  -3.93548300   0.54858100
C     2.69238300   0.75046700  -1.73815200
H     2.47352700   0.22811300  -2.67337600
H     3.47151400   1.48288800  -1.97581500
C     3.26780900  -0.23019800  -0.71550200
H     4.07972500  -0.78407000  -1.19677100
H     3.72686500   0.31496400   0.11188700
C     2.24135600  -1.18314100  -0.17076700
C     1.41100900  -1.92224100  -1.01846400
C     2.02179000  -1.30205100   1.20530700
C     0.37531000  -2.69119400  -0.51188900
H     1.56878000  -1.88176900  -2.08973400
C     0.98492900  -2.07091100   1.70623300
H     2.67384900  -0.76896100   1.88858000
C     0.12474400  -2.75756800   0.85425700
H    -0.26134000  -3.24018000  -1.19775800
H     0.83638000  -2.12100800   2.77946600
Cl    1.84653700   4.93753400   1.86009100
Cl    4.19433900   3.57972200  -0.10752600
Cl   -6.26905000   0.55466800  -1.29545700
Cl   -5.34415800  -2.66759600  -1.11203300
Cl    4.30514700  -3.60252000  -1.98539200
Cl    5.27097700  -2.70316200   1.08526600
Ge    3.55714300  -3.70453900   0.10338300
Ge   -5.48111900  -0.88141500   0.20330500
Ge    2.11955700   4.36534100  -0.26721400

pCp3Sn
SCF Energy =  -4332.0251194 au
C     1.49082900   1.81192100  -0.68292300
C     0.57003400   2.01685000   0.34893800
C    -0.79272100   2.12973500   0.08131600
C    -1.28365300   2.05013900  -1.21875700
C    -0.35698100   1.91275000  -2.24852300
C     0.99909400   1.79784100  -1.98579700
H     0.90975200   2.05565800   1.37790700
H    -1.48019800   2.28086000   0.90596000
H    -0.70107400   1.87312500  -3.27688500
H     1.69382200   1.66880900  -2.80946500
C    -2.76128300   2.04959400  -1.48619900
H    -3.30188300   2.18349700  -0.54655300
H    -3.03448200   2.90282600  -2.11418200
C    -3.24167500   0.77398200  -2.18477300
H    -4.33627500   0.79971700  -2.21941700
H    -2.89969500   0.76731200  -3.22346900
C    -2.79845300  -0.50853500  -1.53919400
C    -2.61641200  -0.62055200  -0.15830900
C    -2.55171300  -1.64290800  -2.31023700
C    -2.15555100  -1.80600100   0.41257100
H    -2.80843000   0.22810600   0.48557100
C    -2.11865700  -2.82824100  -1.73705300
H    -2.69609200  -1.59177900  -3.38448700
C    -1.89250300  -2.92754000  -0.36649900
H    -2.00675500  -1.85089300   1.48500200
H    -1.93784600  -3.68915500  -2.37297800
C    -1.32229300  -4.16911900   0.25165300
H    -1.91123000  -5.04518900  -0.03585700
H    -1.39030100  -4.08587000   1.33893500
C     0.14304000  -4.40720600  -0.15325500
H     0.53107000  -5.25319000   0.42106600
H     0.18437200  -4.69423500  -1.20708300
C     2.94324500   1.57279600  -0.39127600
H     3.45902500   1.29573800  -1.31389500
H     3.40438900   2.50343100  -0.04550000
C     3.17845900   0.50782000   0.67835900
H     4.25633500   0.33110300   0.75825000
H     2.87706700   0.88888100   1.65747600
C     2.46384400  -0.79653500   0.44311900
C     2.11283500  -1.23756300  -0.83625600
C     2.09841100  -1.61162100   1.52136400
C     1.38790500  -2.40706600  -1.02071300
H     2.39994800  -0.65553800  -1.70136300
C     1.38397200  -2.78477200   1.33104900
H     2.37896100  -1.31157900   2.52501200
C     0.99915300  -3.19418000   0.05607300
H     1.11467500  -2.70640700  -2.02649200
H     1.11390600  -3.38593700   2.19326500
Cl   -0.97395500   5.30393200   1.62318800
Cl    2.55692000   4.93440200   1.11909700
Cl   -6.06342000   0.33555500   0.05075100
Cl   -4.98212400  -2.03888200   2.51943400
Cl    5.55915900  -1.23643300  -1.59003900
Cl    5.71273900  -1.90603700   1.91747900
Sn    4.64552600  -2.81564900  -0.02421900
Sn   -5.22457900  -1.91679800   0.14026000
Sn    0.54203200   4.90700800  -0.18758800

pCp3Pb
SCF Energy =  -4267.73338662 au
C     1.90619300   1.21150400  -1.26445100
C     1.60554000   1.55011800   0.05721800
C     0.61394200   2.48169400   0.35313000
C    -0.10231500   3.12210600  -0.65730500
C     0.20590300   2.79280000  -1.97444200
C     1.18478400   1.85324200  -2.26949800
H     2.14793400   1.08782400   0.87115800
H     0.40695000   2.72282300   1.38894300
H    -0.33140500   3.27318500  -2.78609300
H     1.39499100   1.61125000  -3.30628300
C    -1.20158700   4.08002100  -0.30765700
H    -1.05539800   4.41919900   0.72074800
H    -1.15214100   4.96885500  -0.94261600
C    -2.60028500   3.45215100  -0.45192700
H    -3.33677600   4.14192900  -0.02991400
H    -2.84162500   3.33938500  -1.51163000
C    -2.69374700   2.10960300   0.20888100
C    -2.69201800   1.96674900   1.59462400
C    -2.70961300   0.94895900  -0.55905100
C    -2.67242200   0.71286200   2.18746800
H    -2.68581000   2.85110300   2.22391300
C    -2.71201600  -0.31160100   0.03548500
H    -2.72814800   1.02165300  -1.64009200
C    -2.67158200  -0.45433200   1.42483800
H    -2.64791400   0.63632200   3.26960600
H    -2.73021800  -1.18711400  -0.59997100
C    -2.63624900  -1.80289600   2.08772600
H    -3.66242800  -2.13060800   2.28692200
H    -2.15103300  -1.69144200   3.06134100
C    -1.94287600  -2.90490200   1.28155300
H    -1.88892500  -3.79794800   1.91137600
H    -2.56288300  -3.17690600   0.42423200
C     2.97374800   0.20758600  -1.60061300
H     2.73046400  -0.25121700  -2.56271100
H     3.92438700   0.73179800  -1.74851000
C     3.20325200  -0.87415300  -0.54490600
H     3.87782800  -1.62439600  -0.96913400
H     3.72614000  -0.45364800   0.31648200
C     1.93153300  -1.52616700  -0.07980500
C     0.96232800  -1.97110900  -0.98457600
C     1.64484600  -1.65711000   1.28309100
C    -0.26142600  -2.45470000  -0.54191600
H     1.16210600  -1.92434500  -2.04843500
C     0.41905500  -2.13657300   1.71892200
H     2.39582300  -1.36082300   2.00729300
C    -0.57082100  -2.51283000   0.81362400
H    -0.99823500  -2.77525800  -1.27105800
H     0.22586000  -2.19745000   2.78475500
Cl    2.34448300   5.12065900   1.94198600
Cl    4.90593700   2.61787100   0.67802900
Cl   -5.72696300   0.41068500  -2.36547000
Cl   -5.69747300  -2.32392900   0.22588500
Cl    3.40745900  -4.23024200  -2.25744000
Cl    4.53204800  -3.87124400   1.29023600
Pb    2.46866900  -4.48799200   0.04393200
Pb    3.10643700   4.10579700  -0.20936500
Pb   -5.60361700   0.17686700   0.11131600

pCp3As
SCF Energy =  -11776.0187045 au
C     2.29672900  -1.61636200   0.89427100
C     1.78329900  -1.77544100  -0.39040100
C     0.57152000  -2.41496500  -0.60114800
C    -0.16634800  -2.93442200   0.45821000
C     0.35963100  -2.79993100   1.73887800
C     1.56420500  -2.14669200   1.95137400
H     2.32766200  -1.38491000  -1.24212200
H     0.18900300  -2.51133900  -1.61122600
H    -0.18658700  -3.19654600   2.58876600
H     1.94127400  -2.03860900   2.96335100
C    -1.50955300  -3.56063600   0.22128100
H    -1.68354500  -3.62282100  -0.85551500
H    -1.52380300  -4.58970900   0.59383000
C    -2.65539000  -2.78349700   0.88702500
H    -3.60737300  -3.20469200   0.54703500
H    -2.61793400  -2.93319600   1.96904600
C    -2.61249700  -1.31018100   0.60374800
C    -2.63178900  -0.82312300  -0.70112900
C    -2.51171400  -0.38500300   1.63620600
C    -2.52843700   0.53558000  -0.95696500
H    -2.72086200  -1.51383000  -1.53262000
C    -2.42445900   0.97499400   1.38062200
H    -2.49150500  -0.73723300   2.66225000
C    -2.41858600   1.46123200   0.07796600
H    -2.53281400   0.88682300  -1.98329500
H    -2.34131300   1.66401700   2.21389300
C    -2.27049600   2.92677600  -0.21977700
H    -3.20685600   3.45228600  -0.00315400
H    -2.10462700   3.04670300  -1.29311000
C    -1.13521000   3.60502700   0.55732200
H    -0.99322300   4.61303000   0.15382100
H    -1.42325100   3.73324300   1.60374800
C     3.58622700  -0.88493000   1.14021600
H     3.66195400  -0.66662700   2.20865600
H     4.43386500  -1.53732300   0.90299600
C     3.73254000   0.41062800   0.33385600
H     4.61310800   0.94896500   0.69930600
H     3.94095600   0.17717300  -0.71287800
C     2.51827500   1.29248200   0.39964900
C     1.96119200   1.67440200   1.61507100
C     1.88520900   1.72060300  -0.76434000
C     0.80035700   2.43089300   1.66252000
H     2.42754000   1.36169600   2.54331400
C     0.72891900   2.48357600  -0.71715700
H     2.30441400   1.44744500  -1.72681700
C     0.15608400   2.84133400   0.50082700
H     0.37770600   2.69873100   2.62544100
H     0.26157700   2.79530600  -1.64474200
Cl    1.65609400  -5.64060700  -1.80419100
Cl    3.41934100  -6.72469200   0.76214300
Cl    4.46927900  -4.11871400  -0.96317300
Cl   -6.13987400  -1.60730200  -0.99233400
Cl   -5.93385800   1.64697100  -1.55844400
Cl   -7.44855200   0.53096100   1.14980300
Cl    4.07431600   6.24457800   1.07021800
Cl    1.71959300   5.91436200  -1.21423200
Cl    4.50093200   4.13415400  -1.42700500
As   -5.58124600   0.22410200   0.05813500
As    2.98004800   4.65402500   0.04817800
As    2.63400900  -4.84412000  -0.02467900

pCp3Sb
SCF Energy =  -5790.10475089 au
C     1.58637300   1.95624600  -0.40281600
C     0.72597300   2.11026700   0.68295600
C    -0.63782200   2.27928500   0.49477800
C    -1.19541900   2.30455900  -0.78129500
C    -0.32946600   2.20161400  -1.86525800
C     1.03390900   2.03058000  -1.67776500
H     1.12085800   2.08147600   1.69210400
H    -1.28364600   2.38692500   1.35926700
H    -0.72566200   2.23140700  -2.87497000
H     1.68262800   1.93111100  -2.54224400
C    -2.68402700   2.37382800  -0.96926700
H    -3.16523300   2.43715100   0.00943700
H    -2.96063200   3.29105000  -1.49831500
C    -3.24504600   1.18286300  -1.75361000
H    -4.33889100   1.23516700  -1.71753600
H    -2.97188100   1.27432700  -2.80841700
C    -2.79016300  -0.16446000  -1.26478900
C    -2.57794100  -0.42428900   0.08764500
C    -2.56583200  -1.20590600  -2.16192100
C    -2.12577100  -1.66411600   0.51713500
H    -2.75687000   0.35060300   0.82193800
C    -2.13568100  -2.45177300  -1.73034100
H    -2.72664700  -1.03519900  -3.22164700
C    -1.89266800  -2.70002400  -0.38229600
H    -1.95380900  -1.82963400   1.57447000
H    -1.97130100  -3.23901100  -2.45944500
C    -1.33607800  -4.01039200   0.09073300
H    -1.95313700  -4.84086700  -0.26563500
H    -1.37659400  -4.03671400   1.18228000
C     0.11212700  -4.24081200  -0.37464200
H     0.49481800  -5.14264800   0.11242000
H     0.11953200  -4.43627100  -1.44998800
C     3.04712600   1.67390300  -0.19955000
H     3.51346000   1.47849200  -1.16848400
H     3.54472700   2.56096400   0.20522500
C     3.30834300   0.50524400   0.75290400
H     4.38081100   0.28270000   0.74065400
H     3.08424000   0.80580600   1.77954400
C     2.52688500  -0.74322100   0.44552000
C     2.19242800  -1.10567700  -0.85785300
C     2.10037500  -1.58348000   1.47499700
C     1.44000600  -2.24138900  -1.11591400
H     2.51542500  -0.49041600  -1.68756700
C     1.35924600  -2.72623700   1.21456700
H     2.35632000  -1.33442400   2.49928700
C     1.00196600  -3.06787500  -0.08742300
H     1.17636600  -2.48254900  -2.14004700
H     1.04064700  -3.35258000   2.04184700
Cl   -1.03694700   5.70378800   1.47569400
Cl    0.93528000   7.48265400  -0.80489300
Cl    2.44410100   5.20315300   1.38024000
Cl   -6.09590000   0.06104100   0.54621500
Cl   -5.05757500  -2.88145700   2.17354400
Cl   -7.47001900  -3.02695300  -0.35690400
Cl    5.67841600  -1.52861100  -1.44584000
Cl    6.28604800  -4.80972500  -0.39263700
Cl    5.63843400  -2.30539400   1.96861200
Sb    4.68801300  -3.12084200  -0.02057400
Sb    0.62951500   5.25121200  -0.11802500
Sb   -5.33379900  -2.09377700  -0.02319800

pCp3Bi
SCF Energy =  -5713.26773151 au
C    -2.24957100  -1.64035800  -1.00957100
C    -1.73600500  -1.76352800   0.28114500
C    -0.52754800  -2.40552000   0.51323600
C     0.20797200  -2.96498500  -0.52966400
C    -0.31797900  -2.86695000  -1.81573700
C    -1.51924000  -2.21117900  -2.04990900
H    -2.28209300  -1.35264000   1.12139300
H    -0.15253900  -2.48143900   1.52742900
H     0.22463600  -3.29610400  -2.65209700
H    -1.89561700  -2.13471800  -3.06499600
C     1.54719000  -3.59034600  -0.27066100
H     1.69432800  -3.67643900   0.80801300
H     1.58017000  -4.60919600  -0.66768400
C     2.70246900  -2.78847600  -0.89106900
H     3.64885700  -3.20523600  -0.53185900
H     2.69347300  -2.91471200  -1.97662000
C     2.63361700  -1.32345000  -0.57408800
C     2.66422500  -0.86636500   0.74382900
C     2.49932200  -0.37424700  -1.58281700
C     2.53934200   0.48489900   1.03470000
H     2.78885600  -1.57415900   1.55586500
C     2.39065600   0.97916900  -1.29194700
H     2.47139100  -0.70093500  -2.61704100
C     2.39537600   1.43515800   0.02346000
H     2.56202100   0.81146100   2.06856300
H     2.28379700   1.68567600  -2.10737500
C     2.22992800   2.89048000   0.36199300
H     3.17162100   3.42501000   0.19839800
H     2.02880600   2.97538900   1.43214600
C     1.12063000   3.59172200  -0.43089500
H     0.95870800   4.58248800   0.00541800
H     1.44096600   3.75852300  -1.46230800
C    -3.53937400  -0.91698500  -1.27885000
H    -3.58607900  -0.67819900  -2.34456800
H    -4.38365300  -1.58521700  -1.07763600
C    -3.73049800   0.35611300  -0.44778800
H    -4.60523900   0.88996100  -0.83202200
H    -3.97459200   0.09664300   0.58446900
C    -2.52550100   1.25331200  -0.45299000
C    -1.93212600   1.67170300  -1.64094500
C    -1.93396000   1.65993200   0.74251000
C    -0.77466200   2.43819800  -1.63217700
H    -2.36626400   1.38044600  -2.59152000
C    -0.78018000   2.43072700   0.75170500
H    -2.38761400   1.37027100   1.68397200
C    -0.16767200   2.82113500  -0.43917800
H    -0.32577400   2.73530000  -2.57441900
H    -0.35039800   2.72941900   1.70117000
Bi   -2.61798300  -4.85947300  -0.02376400
Cl   -1.57302300  -5.53743800   2.07736300
Cl   -3.57452600  -7.03251100  -0.61341200
Cl   -4.65257600  -3.87759100   0.92323300
Bi    5.59850600   0.24801300  -0.10251000
Cl    6.16083400  -1.84635700   1.03211500
Cl    5.91541800   1.76227100   1.79006000
Cl    7.77095300   0.61408400  -1.16715100
Bi   -3.00689100   4.63981900  -0.09015500
Cl   -4.27443200   6.50094000  -1.04720000
Cl   -1.51723100   5.97466400   1.32127100
Cl   -4.62175100   4.00745000   1.63025800