Gas phase excited state optimization

1AB
SCF Energy =  -1034.32721888 au
C     5.71348900  -1.04595200   0.04913000
C     5.06203700   0.17502800   0.05254100
C     3.67455100   0.24488100   0.03885900
C     2.91328500  -0.94599600   0.03015900
C     3.59770100  -2.17497800   0.01966500
C     4.97517700  -2.22792400   0.02931000
C     3.03841800   1.57586700   0.03856100
C     1.47534000  -0.86816500   0.02873500
C     0.82809600   0.42129200  -0.03260200
C     1.59530600   1.60928800   0.00658700
C     0.94767500   2.86141900   0.02535200
H     1.56947700   3.74636900   0.05189100
C    -0.42973200   2.93093100   0.04911300
C    -1.20491800   1.78528300  -0.00208100
C    -0.58511600   0.50540800  -0.08377100
H     6.79697100  -1.08316600   0.05704500
H     5.60508600   1.11238000   0.06528500
H     3.04597300  -3.10514400  -0.01197700
H     5.47855800  -3.18732900   0.01820300
H    -0.91801100   3.89740300   0.11739600
H    -2.27599800   1.86164600   0.10341900
C    -1.33774300  -0.70107000  -0.14524800
C     0.67635100  -2.01876600   0.11132400
C    -0.68891200  -1.94164000   0.02954100
H     1.13253900  -2.99273100   0.21551600
H    -1.27069800  -2.85335400   0.02257800
O     3.72768200   2.60039600   0.05484800
C    -3.51815100  -1.80450900   0.06950000
C    -3.33249300   0.13942200  -1.35116000
C    -5.00333500  -1.38341600   0.03637700
H    -3.39045900  -2.68877200  -0.57404600
C    -4.59936800   0.80221800  -0.77509700
H    -2.62571400   0.87497300  -1.72638600
H    -5.55247900  -1.97803800   0.76989100
H    -5.31720900   0.93485200  -1.59240900
N    -2.69086300  -0.70105700  -0.36610300
N    -5.20098300   0.01941000   0.28942900
C    -4.80848900   0.42861200   1.62126000
H    -5.10078700   1.46798600   1.78150900
H    -5.33991100  -0.18279900   2.35466500
H    -3.72867600   0.34775400   1.81940600
H    -5.43151100  -1.61478200  -0.94339000
H    -3.21254200  -2.08435900   1.07935700
H    -3.61257000  -0.50351200  -2.19833500
H    -4.36560100   1.79557200  -0.38802600

2AB
SCF Energy =  -995.066714072 au
C     5.56533600  -0.88660000  -0.29777500
C     4.85979700   0.30030700  -0.20387300
C     3.47806800   0.30231800  -0.06179400
C     2.77665200  -0.92718600  -0.00797900
C     3.51783600  -2.12129600  -0.11049000
C     4.88761200  -2.10483300  -0.25340100
C     2.78580700   1.60131000   0.02962700
C     1.34949400  -0.92262900   0.14314200
C     0.64516700   0.33909500   0.20489000
C     1.34922000   1.56357700   0.16132600
C     0.64297300   2.78186700   0.25916800
H     1.21969900   3.69679800   0.22781000
C    -0.72940600   2.78415100   0.40716300
C    -1.44549000   1.59981000   0.43225500
C    -0.76736000   0.35676500   0.31200800
H     6.64375600  -0.86970700  -0.40795600
H     5.35505800   1.26330800  -0.23692800
H     3.01303900  -3.07776700  -0.08888900
H     5.43353400  -3.03748600  -0.33144900
H    -1.25664400   3.72688100   0.50912600
H    -2.51553700   1.61546500   0.58706500
C    -1.46919600  -0.88279900   0.31453000
C     0.61222100  -2.12064400   0.25255000
C    -0.74817800  -2.10304800   0.35416100
H     1.12297000  -3.07280400   0.26001600
H    -1.31978600  -3.01968800   0.43032900
O     3.42461900   2.65795500  -0.00808900
N    -2.81509600  -0.97515700   0.36103300
C    -3.66464500  -0.36446800  -0.40056800
N    -4.94534200  -0.27619800   0.00813300
C    -3.29933400   0.18099800  -1.74826100
H    -3.51529400   1.24948600  -1.81364200
H    -2.23494200   0.04144000  -1.91853800
H    -3.85432700  -0.33385800  -2.53563400
C    -5.31039300  -0.83845900   1.28916800
H    -5.44728800  -1.92383300   1.22548900
H    -4.52704200  -0.63932800   2.01727900
H    -6.24374200  -0.38260900   1.62041500
C    -6.03078900   0.08095800  -0.87108600
H    -5.67920300   0.68662500  -1.70158300
H    -6.53322200  -0.80708800  -1.27469500
H    -6.76726500   0.66486400  -0.31622100

3AB
SCF Energy =  -955.78244505 au
C     5.39693800  -0.86719200   0.33589700
C     4.68643600   0.31666700   0.24340900
C     3.30490200   0.31260100   0.09647600
C     2.60954600  -0.92000200   0.03498800
C     3.35593300  -2.11101200   0.13712900
C     4.72499900  -2.08864400   0.28549600
C     2.60591000   1.60612800   0.00749600
C     1.18324800  -0.92241200  -0.12237600
C     0.46971700   0.33473600  -0.17409100
C     1.16857300   1.56116700  -0.12633900
C     0.46103800   2.77901400  -0.22259000
H     1.03615800   3.69470800  -0.18644800
C    -0.90937600   2.77693600  -0.38086700
C    -1.62207500   1.59063400  -0.40702700
C    -0.94614400   0.34516800  -0.28043500
H     6.47483700  -0.84562200   0.45031000
H     5.17730900   1.28171400   0.28159300
H     2.85537100  -3.06961000   0.11281900
H     5.27489700  -3.01892100   0.36360500
H    -1.43938200   3.71712300  -0.49128400
H    -2.68756400   1.61127300  -0.58807100
C    -1.63538900  -0.90031900  -0.28675300
C     0.45589300  -2.12419800  -0.25103500
C    -0.90435800  -2.11270300  -0.34893400
H     0.97338600  -3.07231400  -0.27599600
H    -1.47149700  -3.03140800  -0.43251900
O     3.23634000   2.66780500   0.04948900
N    -2.98826600  -1.03366800  -0.28348800
C    -3.75378100  -0.29338000   0.44113700
N    -5.08599800  -0.30904000   0.34498800
C    -5.75757100  -1.09473600  -0.65966500
H    -6.20151900  -0.44752500  -1.42292700
H    -5.03222000  -1.75557200  -1.12931600
H    -6.55389000  -1.68329600  -0.19689100
C    -5.90319900   0.50436300   1.20560300
H    -5.27416100   1.04706300   1.91030600
H    -6.47913100   1.22937400   0.62153300
H    -6.60656100  -0.11768300   1.76778800
H    -3.36433600   0.36032600   1.22397100

4AB
SCF Energy =  -1073.63401076 au
C    -6.07919800  -0.95616600  -0.27123800
C    -5.38671800   0.24164900  -0.24592700
C    -4.00487900   0.26685900  -0.10472600
C    -3.29049600  -0.94917500   0.02041300
C    -4.01777800  -2.15479000  -0.01377900
C    -5.38797600  -2.16189900  -0.15746500
C    -3.32665300   1.57649400  -0.08942600
C    -1.86241400  -0.92006000   0.17254200
C    -1.17129200   0.35008800   0.15321700
C    -1.88949800   1.56235400   0.04075900
C    -1.19700600   2.79189900   0.06773300
H    -1.78389000   3.69718200  -0.01413500
C     0.17530400   2.81789700   0.21450300
C     0.90473700   1.64489300   0.30365900
C     0.24081600   0.38891500   0.25389500
H    -7.15768100  -0.95752300  -0.38224700
H    -5.89235000   1.19573100  -0.33430200
H    -3.50206300  -3.10279900   0.06097800
H    -5.92318300  -3.10368500  -0.18248300
H     0.69175000   3.77082600   0.26441200
H     1.97412400   1.68117700   0.45948900
C     0.95645600  -0.84080800   0.33236900
C    -1.11365200  -2.09940300   0.36268900
C     0.24734400  -2.06139300   0.46130600
H    -1.61495200  -3.05377600   0.43699000
H     0.82755900  -2.96574700   0.59694200
O    -3.97707200   2.62224700  -0.18749500
N     2.30247100  -0.91574100   0.37216300
C     3.13950800  -0.34122900  -0.43300800
N     4.42716400  -0.24418600  -0.05854000
C     4.81938300  -0.68319200   1.27038300
H     4.23136100  -1.56920100   1.51583100
H     5.87079600  -0.97582800   1.22005000
C     5.46869600   0.28919500  -0.91310100
H     5.03424300   1.00205500  -1.61307600
H     6.14911500   0.86260000  -0.27716300
C     4.60930000   0.39014100   2.32234600
H     5.17815700   1.29319800   2.08791800
H     3.55253200   0.65317300   2.39029300
H     4.93502500   0.03044500   3.30048100
C     6.23682600  -0.78819700  -1.66005700
H     5.58001600  -1.34376100  -2.33242200
H     7.03645100  -0.34111300  -2.25446800
H     6.68924000  -1.50136300  -0.96799200
C     2.74811600   0.14491200  -1.79606600
H     1.72146200  -0.14821400  -2.00242100
H     2.79687300   1.23510900  -1.84912900
H     3.40097900  -0.27086500  -2.56505500

Ethanol phase excited state optimization

1AB
SCF Energy =  -1034.35884038 au
C     5.71137800  -1.04520900   0.07719200
C     5.06345700   0.17454300   0.07195000
C     3.66822600   0.25326300   0.04435800
C     2.90554700  -0.94119600   0.03002600
C     3.58778800  -2.16756600   0.02813300
C     4.96760700  -2.22453700   0.05206100
C     3.02865600   1.56343100   0.03608000
C     1.46323000  -0.86811400   0.01000700
C     0.81743000   0.41059900  -0.05641000
C     1.58639200   1.60315100  -0.00772100
C     0.93641400   2.85141400   0.01405900
H     1.54022700   3.74877500   0.05152000
C    -0.44352300   2.92005800   0.02880500
C    -1.21360900   1.77243300  -0.03435100
C    -0.60006700   0.49803400  -0.12436000
H     6.79504400  -1.08429100   0.09685000
H     5.63048700   1.09756100   0.08872600
H     3.03563300  -3.09799900  -0.00323700
H     5.46724900  -3.18648000   0.04830300
H    -0.93540000   3.88483900   0.09884800
H    -2.28635500   1.85511500   0.04303300
C    -1.36013800  -0.70972500  -0.19676100
C     0.66174900  -2.01823600   0.07982200
C    -0.70391100  -1.94337400  -0.01866500
H     1.11316800  -2.99512800   0.18145500
H    -1.28144000  -2.85831900  -0.03434400
O     3.71180300   2.61715200   0.05671400
C    -3.53323400  -1.81415700   0.03627500
C    -3.38458400   0.14276000  -1.36085800
C    -5.01049100  -1.36069600   0.10012100
H    -3.47387300  -2.67813400  -0.64012800
C    -4.61544300   0.82316300  -0.71317100
H    -2.69660200   0.86935600  -1.78368200
H    -5.51361700  -1.95718400   0.86345300
H    -5.36943100   0.94169800  -1.49713200
N    -2.70472300  -0.72333500  -0.43149600
N    -5.15614000   0.04609100   0.38653400
C    -4.61289300   0.42162300   1.67565200
H    -4.85709200   1.46520700   1.88463600
H    -5.06469600  -0.19836800   2.45370000
H    -3.51980500   0.31370500   1.74454100
H    -5.50042100  -1.56582500  -0.85450500
H    -3.17412100  -2.12633700   1.01707800
H    -3.73680600  -0.49403900  -2.18300100
H    -4.36043200   1.81937800  -0.34855200

2AB
SCF Energy =  -995.096959935 au
C    -5.60055700  -0.81654300   0.23434800
C    -4.87721500   0.35697300   0.13738700
C    -3.48489600   0.34222100   0.03060200
C    -2.80171700  -0.90164900   0.01465900
C    -3.56072900  -2.07926400   0.11888600
C    -4.93643700  -2.04297100   0.22793500
C    -2.76612500   1.60724900  -0.06212300
C    -1.36719700  -0.92624800  -0.10229600
C    -0.63874000   0.31209800  -0.15548300
C    -1.32626400   1.55144100  -0.15459200
C    -0.59723300   2.75354700  -0.25593300
H    -1.14088400   3.68937800  -0.25654000
C     0.77973500   2.73080800  -0.36866900
C     1.47275500   1.53243800  -0.35363700
C     0.78001200   0.30682600  -0.22564700
H    -6.68128600  -0.78248700   0.31765000
H    -5.38161800   1.31582300   0.14313000
H    -3.07028000  -3.04365800   0.12401300
H    -5.49481200  -2.96840500   0.30948500
H     1.32763700   3.66176400  -0.47199700
H     2.54761000   1.53795000  -0.47090000
C     1.47190800  -0.94900100  -0.21590200
C    -0.64914700  -2.13838300  -0.19350700
C     0.71301100  -2.14747700  -0.27207400
H    -1.17383700  -3.08347000  -0.20472000
H     1.25663500  -3.08289700  -0.33557600
O    -3.38052300   2.70157200  -0.05854000
N     2.80328600  -1.08039700  -0.24519400
C     3.69808200  -0.41358300   0.44197800
N     4.93970900  -0.36021900  -0.03394200
C     3.39590300   0.17189100   1.78493300
H     3.57984000   1.24823500   1.79988200
H     2.35498900  -0.01039800   2.04215100
H     4.02934500  -0.29131500   2.54509500
C     5.22564000  -0.88760100  -1.35159900
H     4.76332100  -1.86829400  -1.47316100
H     4.83971600  -0.22534400  -2.13197800
H     6.30482500  -0.97798100  -1.46410100
C     6.03486300   0.29629800   0.64131400
H     5.73042900   0.68805600   1.60609000
H     6.85320200  -0.41316400   0.79153200
H     6.40446900   1.12352200   0.02874700

3AB
SCF Energy =  -955.813399581 au
C     5.42595700  -0.85424300   0.25059400
C     4.71429100   0.32718300   0.16925200
C     3.32141000   0.32738500   0.06530900
C     2.62554100  -0.90972100   0.03713700
C     3.37403200  -2.09640300   0.12534200
C     4.74970900  -2.07456100   0.23110400
C     2.61478700   1.59816600  -0.01331100
C     1.19199700  -0.92000400  -0.07642000
C     0.47323500   0.32428800  -0.11805500
C     1.17318400   1.55594400  -0.10712600
C     0.45978100   2.76803300  -0.19977800
H     1.01526400   3.69675800  -0.19107500
C    -0.91552800   2.76126200  -0.31908200
C    -1.62237900   1.57012900  -0.31273100
C    -0.94919400   0.33318400  -0.18771900
H     6.50716200  -0.83184200   0.33152700
H     5.22834700   1.28076900   0.18483900
H     2.87473200  -3.05618600   0.11998300
H     5.29952200  -3.00611000   0.29981000
H    -1.45379700   3.69788300  -0.42093700
H    -2.69533500   1.59633500  -0.44117700
C    -1.64753800  -0.91868900  -0.18190000
C     0.46424600  -2.12665400  -0.17689500
C    -0.89694600  -2.12152500  -0.24935800
H     0.98079500  -3.07579900  -0.19980100
H    -1.45020600  -3.05094600  -0.31755300
O     3.23652900   2.68807100   0.00192800
N    -2.98563400  -1.07019600  -0.17769800
C    -3.80645500  -0.29299000   0.47221400
N    -5.11247200  -0.31151000   0.27566000
C    -5.71742300  -1.09389900  -0.77593800
H    -5.94545700  -0.45989400  -1.63847600
H    -5.03390200  -1.88180700  -1.08559300
H    -6.64662400  -1.52957700  -0.40575500
C    -5.99096100   0.53645600   1.04530900
H    -5.42158600   1.07595000   1.80062200
H    -6.48723800   1.25646100   0.38822900
H    -6.75665800  -0.07121900   1.53426500
H    -3.47099800   0.36654400   1.27225300

4AB
SCF Energy =  -1073.66628532 au
C    -6.10959900  -0.90421700  -0.21554800
C    -5.40555900   0.28450400  -0.18336500
C    -4.01293400   0.29815300  -0.07926200
C    -3.30927700  -0.93180600  -0.00183800
C    -4.04888100  -2.12552700  -0.04002500
C    -5.42544000  -2.11751900  -0.14515400
C    -3.31510500   1.57791900  -0.05104900
C    -1.87397100  -0.92660900   0.11154400
C    -1.16641600   0.32490200   0.10383200
C    -1.87462900   1.55093800   0.04485000
C    -1.16608300   2.76861700   0.08908200
H    -1.72553100   3.69397800   0.04458900
C     0.21095000   2.77446400   0.20602000
C     0.92405300   1.58873600   0.24756800
C     0.25218500   0.34689100   0.17300800
H    -7.19092000  -0.89236400  -0.29727900
H    -5.92601000   1.23311600  -0.23873500
H    -3.54281100  -3.08082500   0.00566900
H    -5.96892200  -3.05489200  -0.17369600
H     0.74287500   3.71831600   0.26738200
H     1.99814200   1.61673700   0.36897900
C     0.96548000  -0.89600200   0.21577500
C    -1.13551000  -2.12014500   0.26111300
C     0.22699600  -2.10274200   0.33404400
H    -1.64433000  -3.07194300   0.32200400
H     0.78656700  -3.02473800   0.44070800
O    -3.94741900   2.66039200  -0.10879100
N     2.29854400  -1.00531000   0.23955800
C     3.17509700  -0.34228200  -0.47622100
N     4.41927200  -0.23339300  -0.01770100
C     4.75526300  -0.72116600   1.31204500
H     4.20368900  -1.64755500   1.48268700
H     5.82017000  -0.95840200   1.30636600
C     5.49945600   0.36744700  -0.78481200
H     5.08727500   1.09493400  -1.48196600
H     6.11909200   0.92523000  -0.07856800
C     4.44052900   0.28827900   2.39792400
H     4.97502000   1.22674300   2.23021500
H     3.36960100   0.49955600   2.43614600
H     4.74564900  -0.10662300   3.36988800
C     6.33413300  -0.66493400  -1.51781300
H     5.73283700  -1.20566400  -2.25238700
H     7.15468300  -0.17001600  -2.04287700
H     6.76418600  -1.39048900  -0.82330300
C     2.85020200   0.18641100  -1.83735700
H     1.83279100  -0.08723800  -2.10799100
H     2.93922700   1.27474900  -1.86897000
H     3.53572200  -0.23068800  -2.57770000
