Dp-Ga+
SCF Energy =  -3084.83025296 au
C     1.27642400   2.47475900   0.61814100
C     1.18126400   2.42828700  -0.78157000
C    -0.09297000   2.49841400  -1.35977600
C    -1.27642400   2.47475900  -0.61814100
C    -1.18126400   2.42828700   0.78157000
C     0.09297000   2.49841400   1.35977600
C     2.69359000  -0.19113900   0.78157000
C     2.78141600  -0.13196400  -0.61814100
C     2.21017500  -1.16869300  -1.35977600
C     1.51232600  -2.23714800  -0.78157000
C     1.50499200  -2.34279600   0.61814100
C     2.11720500  -1.32972100   1.35977600
C    -1.51232600  -2.23714800   0.78157000
C    -1.50499200  -2.34279600  -0.61814100
C    -2.11720500  -1.32972100  -1.35977600
C    -2.69359000  -0.19113900  -0.78157000
C    -2.78141600  -0.13196400   0.61814100
C    -2.21017500  -1.16869300   1.35977600
C     0.75733500  -3.45455900   1.30281600
C    -0.73045800  -3.17227800   1.67024500
C     0.73045800  -3.17227800  -1.67024500
C    -0.75733500  -3.45455900  -1.30281600
C    -3.11250200   0.95354400  -1.67024500
C    -2.61306800   2.38315100  -1.30281600
C    -3.37040300   1.07140800   1.30281600
C    -2.38204400   2.21873400   1.67024500
C     3.37040300   1.07140800  -1.30281600
C     2.38204400   2.21873400  -1.67024500
C     3.11250200   0.95354400   1.67024500
C     2.61306800   2.38315100   1.30281600
H    -0.16622000   2.48711900  -2.44370800
H     0.16622000   2.48711900   2.44370800
H     2.23701800  -1.09960900  -2.44370800
H     2.07079800  -1.38751000   2.44370800
H    -2.07079800  -1.38751000  -2.44370800
H    -2.23701800  -1.09960900   2.44370800
H     0.81779400  -4.34846100   0.68173300
H     1.27183000  -3.70491200   2.23307500
H    -0.76150400  -2.75873300   2.68018000
H    -1.24092800  -4.13933900   1.73000900
H     1.24092800  -4.13933900  -1.73000900
H     0.76150400  -2.75873300  -2.68018000
H    -0.81779400  -4.34846100  -0.68173300
H    -1.27183000  -3.70491200  -2.23307500
H    -4.20523700   0.99499400  -1.73000900
H    -2.76988500   0.71988500  -2.68018000
H    -2.57263400   2.95389300  -2.23307500
H    -3.35698100   2.88246100  -0.68173300
H    -4.17477500   1.46600100   0.68173300
H    -3.84446300   0.75102000   2.23307500
H    -2.96430900   3.14434500   1.73000900
H    -2.00838100   2.03884800   2.68018000
H     4.17477500   1.46600100  -0.68173300
H     3.84446300   0.75102000  -2.23307500
H     2.96430900   3.14434500  -1.73000900
H     2.00838100   2.03884800  -2.68018000
H     4.20523700   0.99499400   1.73000900
H     2.76988500   0.71988500   2.68018000
H     3.35698100   2.88246100   0.68173300
H     2.57263400   2.95389300   2.23307500
Ga    0.00000000   0.00000000   0.00000000

Dp-In+
SCF Energy =  -1350.35778049 au
C     1.27842200   2.51527700   0.61887700
C     1.18242400   2.46535800  -0.78159300
C    -0.09309800   2.55607300  -1.35951500
C    -1.27842200   2.51527700  -0.61887700
C    -1.18242400   2.46535800   0.78159300
C     0.09309800   2.55607300   1.35951500
C     2.72627500  -0.20867000   0.78159300
C     2.81750500  -0.15049200  -0.61887700
C     2.26017300  -1.19741100  -1.35951500
C     1.54385100  -2.25668900  -0.78159300
C     1.53908200  -2.36478400   0.61887700
C     2.16707500  -1.35866200   1.35951500
C    -1.54385100  -2.25668900   0.78159300
C    -1.53908200  -2.36478400  -0.61887700
C    -2.16707500  -1.35866200  -1.35951500
C    -2.72627500  -0.20867000  -0.78159300
C    -2.81750500  -0.15049200   0.61887700
C    -2.26017300  -1.19741100   1.35951500
C     0.75982800  -3.45942400   1.30151600
C    -0.72915700  -3.16648800   1.67293000
C     0.72915700  -3.16648800  -1.67293000
C    -0.75982800  -3.45942400  -1.30151600
C    -3.10683700   0.95177600  -1.67293000
C    -2.61603500   2.38774300  -1.30151600
C    -3.37586300   1.07168100   1.30151600
C    -2.37768100   2.21471200   1.67293000
C     3.37586300   1.07168100  -1.30151600
C     2.37768100   2.21471200  -1.67293000
C     3.10683700   0.95177600   1.67293000
C     2.61603500   2.38774300   1.30151600
H    -0.16634500   2.54466600  -2.44356100
H     0.16634500   2.54466600   2.44356100
H     2.28691800  -1.12827400  -2.44356100
H     2.12057300  -1.41639200   2.44356100
H    -2.12057300  -1.41639200  -2.44356100
H    -2.28691800  -1.12827400   2.44356100
H     0.80959500  -4.35538700   0.68254900
H     1.26440300  -3.71813900   2.23513200
H    -0.74886200  -2.73230300   2.67461200
H    -1.22927500  -4.13684200   1.76259900
H     1.22927500  -4.13684200  -1.76259900
H     0.74886200  -2.73230300  -2.67461200
H    -0.80959500  -4.35538700  -0.68254900
H    -1.26440300  -3.71813900  -2.23513200
H    -4.19724800   1.00383800  -1.76259900
H    -2.74067400   0.71761800  -2.67461200
H    -2.58780100   2.95407500  -2.23513200
H    -3.36707900   2.87882300  -0.68254900
H    -4.17667300   1.47656400   0.68254900
H    -3.85220400   0.76406400   2.23513200
H    -2.96797300   3.13300400   1.76259900
H    -1.99181300   2.01468500   2.67461200
H     4.17667300   1.47656400  -0.68254900
H     3.85220400   0.76406400  -2.23513200
H     2.96797300   3.13300400  -1.76259900
H     1.99181300   2.01468500  -2.67461200
H     4.19724800   1.00383800   1.76259900
H     2.74067400   0.71761800   2.67461200
H     3.36707900   2.87882300   0.68254900
H     2.58780100   2.95407500   2.23513200
In    0.00000000   0.00000000   0.00000000

Dp-Tl+
SCF Energy =  -1332.73674592 au
C     1.27820100   2.52638900   0.62035200
C     1.18399100   2.48241200  -0.78114300
C    -0.09132000   2.57546600  -1.36042300
C    -1.27820100   2.52638900  -0.62035200
C    -1.18399100   2.48241200   0.78114300
C     0.09132000   2.57546600   1.36042300
C     2.74182700  -0.21584000   0.78114300
C     2.82701700  -0.15624000  -0.62035200
C     2.27607900  -1.20864800  -1.36042300
C     1.55783600  -2.26657200  -0.78114300
C     1.54881600  -2.37014900   0.62035200
C     2.18475900  -1.36681800   1.36042300
C    -1.55783600  -2.26657200   0.78114300
C    -1.54881600  -2.37014900  -0.62035200
C    -2.18475900  -1.36681800  -1.36042300
C    -2.74182700  -0.21584000  -0.78114300
C    -2.82701700  -0.15624000   0.62035200
C    -2.27607900  -1.20864800   1.36042300
C     0.75978900  -3.45982600   1.30207800
C    -0.73329900  -3.17116000   1.67035000
C     0.73329900  -3.17116000  -1.67035000
C    -0.75978900  -3.45982600  -1.30207800
C    -3.11295400   0.95052500  -1.67035000
C    -2.61640300   2.38790900  -1.30207800
C    -3.37619100   1.07191700   1.30207800
C    -2.37965600   2.22063500   1.67035000
C     3.37619100   1.07191700  -1.30207800
C     2.37965600   2.22063500  -1.67035000
C     3.11295400   0.95052500   1.67035000
C     2.61640300   2.38790900   1.30207800
H    -0.16381500   2.56706500  -2.44467400
H     0.16381500   2.56706500   2.44467400
H     2.30505100  -1.14166400  -2.44467400
H     2.14123600  -1.42540100   2.44467400
H    -2.14123600  -1.42540100  -2.44467400
H    -2.30505100  -1.14166400   2.44467400
H     0.81090000  -4.35706100   0.68498000
H     1.25921400  -3.71836700   2.23856400
H    -0.75553900  -2.73809200   2.67253300
H    -1.22575300  -4.14538800   1.76049300
H     1.22575300  -4.14538800  -1.76049300
H     0.75553900  -2.73809200  -2.67253300
H    -0.81090000  -4.35706100  -0.68498000
H    -1.25921400  -3.71836700  -2.23856400
H    -4.20288700   1.01116100  -1.76049300
H    -2.74902700   0.71473000  -2.67253300
H    -2.59059300   2.94969500  -2.23856400
H    -3.36787600   2.88079100  -0.68498000
H    -4.17877600   1.47627000   0.68498000
H    -3.84980700   0.76867200   2.23856400
H    -2.97713500   3.13422700   1.76049300
H    -1.99348800   2.02336200   2.67253300
H     4.17877600   1.47627000  -0.68498000
H     3.84980700   0.76867200  -2.23856400
H     2.97713500   3.13422700  -1.76049300
H     1.99348800   2.02336200  -2.67253300
H     4.20288700   1.01116100   1.76049300
H     2.74902700   0.71473000   2.67253300
H     3.36787600   2.88079100   0.68498000
H     2.59059300   2.94969500   2.23856400
Tl    0.00000000   0.00000000   0.00000000

Dp-Ge2+
SCF Energy =  -3236.62933054 au
C     1.27792000   2.40626900   0.62051600
C     1.18419000   2.36198000  -0.78311700
C    -0.09275700   2.39024600  -1.36430900
C    -1.27792000   2.40626900  -0.62051600
C    -1.18419000   2.36198000   0.78311700
C     0.09275700   2.39024600   1.36430900
C     2.63763000  -0.15545100   0.78311700
C     2.72285000  -0.09642300  -0.62051600
C     2.11639200  -1.11479300  -1.36430900
C     1.45344000  -2.20652800  -0.78311700
C     1.44493000  -2.30984600   0.62051600
C     2.02363500  -1.27545300   1.36430900
C    -1.45344000  -2.20652800   0.78311700
C    -1.44493000  -2.30984600  -0.62051600
C    -2.02363500  -1.27545300  -1.36430900
C    -2.63763000  -0.15545100  -0.78311700
C    -2.72285000  -0.09642300   0.62051600
C    -2.11639200  -1.11479300   1.36430900
C     0.75690200  -3.45009000   1.30795100
C    -0.73493800  -3.18734100   1.66325500
C     0.73493800  -3.18734100  -1.66325500
C    -0.75690200  -3.45009000  -1.30795100
C    -3.12778700   0.95719600  -1.66325500
C    -2.60941400   2.38054100  -1.30795100
C    -3.36631600   1.06954900   1.30795100
C    -2.39284900   2.23014500   1.66325500
C     3.36631600   1.06954900  -1.30795100
C     2.39284900   2.23014500  -1.66325500
C     3.12778700   0.95719600   1.66325500
C     2.60941400   2.38054100   1.30795100
H    -0.16425900   2.38201700  -2.44812100
H     0.16425900   2.38201700   2.44812100
H     2.14501600  -1.04875600  -2.44812100
H     1.98075700  -1.33326100   2.44812100
H    -1.98075700  -1.33326100  -2.44812100
H    -2.14501600  -1.04875600   2.44812100
H     0.84216800  -4.34101800   0.68681500
H     1.28270900  -3.67844200   2.23637100
H    -0.79670000  -2.82668700   2.69100600
H    -1.26200900  -4.14616800   1.65076400
H     1.26200900  -4.14616800  -1.65076400
H     0.79670000  -2.82668700  -2.69100600
H    -0.84216800  -4.34101800  -0.68681500
H    -1.28270900  -3.67844200  -2.23637100
H    -4.22169100   0.98015300  -1.65076400
H    -2.84633200   0.72338100  -2.69100600
H    -2.54426900   2.95008000  -2.23637100
H    -3.33834800   2.89984700  -0.68681500
H    -4.18051500   1.44117000   0.68681500
H    -3.82697900   0.72836200   2.23637100
H    -2.95968300   3.16601600   1.65076400
H    -2.04963300   2.10330600   2.69100600
H     4.18051500   1.44117000  -0.68681500
H     3.82697900   0.72836200  -2.23637100
H     2.95968300   3.16601600  -1.65076400
H     2.04963300   2.10330600  -2.69100600
H     4.22169100   0.98015300   1.65076400
H     2.84633200   0.72338100   2.69100600
H     3.33834800   2.89984700   0.68681500
H     2.54426900   2.95008000   2.23637100
Ge    0.00000000   0.00000000   0.00000000

Dp-Sn2+
SCF Energy =  -1374.22042148 au
C     1.28109900   2.45779100   0.62277000
C     1.18796300   2.41441900  -0.78257600
C    -0.09128600   2.47243800  -1.36425400
C    -1.28109900   2.45779100  -0.62277000
C    -1.18796300   2.41441900   0.78257600
C     0.09128600   2.47243800   1.36425400
C     2.68493000  -0.17840300   0.78257600
C     2.76905900  -0.11943100  -0.62277000
C     2.18683700  -1.15716300  -1.36425400
C     1.49696600  -2.23601600  -0.78257600
C     1.48796000  -2.33836000   0.62277000
C     2.09555100  -1.31527500   1.36425400
C    -1.49696600  -2.23601600   0.78257600
C    -1.48796000  -2.33836000  -0.62277000
C    -2.09555100  -1.31527500  -1.36425400
C    -2.68493000  -0.17840300  -0.78257600
C    -2.76905900  -0.11943100   0.62277000
C    -2.18683700  -1.15716300   1.36425400
C     0.75825900  -3.45962700   1.30794800
C    -0.73600800  -3.18926200   1.66597000
C     0.73600800  -3.18926200  -1.66597000
C    -0.75825900  -3.45962700  -1.30794800
C    -3.12998600   0.95722900  -1.66597000
C    -2.61699500   2.38648500  -1.30794800
C    -3.37525400   1.07314200   1.30794800
C    -2.39397800   2.23203300   1.66597000
C     3.37525400   1.07314200  -1.30794800
C     2.39397800   2.23203300  -1.66597000
C     3.12998600   0.95722900   1.66597000
C     2.61699500   2.38648500   1.30794800
H    -0.16154700   2.47321900  -2.44841600
H     0.16154700   2.47321900   2.44841600
H     2.22264400  -1.09670600  -2.44841600
H     2.06109700  -1.37651300   2.44841600
H    -2.06109700  -1.37651300  -2.44841600
H    -2.22264400  -1.09670600   2.44841600
H     0.83356200  -4.35287100   0.68868300
H     1.27225200  -3.69933200   2.24042300
H    -0.78650400  -2.80684100   2.68673900
H    -1.24975600  -4.15543800   1.68654900
H     1.24975600  -4.15543800  -1.68654900
H     0.78650400  -2.80684100  -2.68673900
H    -0.83356200  -4.35287100  -0.68868300
H    -1.27225200  -3.69933200  -2.24042300
H    -4.22359200   0.99539900  -1.68654900
H    -2.82404800   0.72228800  -2.68673900
H    -2.56758900   2.95146900  -2.24042300
H    -3.35291600   2.89832100  -0.68868300
H    -4.18647800   1.45455000   0.68868300
H    -3.83984100   0.74786300   2.24042300
H    -2.97383700   3.16003900   1.68654900
H    -2.03754400   2.08455300   2.68673900
H     4.18647800   1.45455000  -0.68868300
H     3.83984100   0.74786300  -2.24042300
H     2.97383700   3.16003900  -1.68654900
H     2.03754400   2.08455300  -2.68673900
H     4.22359200   0.99539900   1.68654900
H     2.82404800   0.72228800   2.68673900
H     3.35291600   2.89832100   0.68868300
H     2.56758900   2.95146900   2.24042300
Sn    0.00000000   0.00000000   0.00000000

Dp-Pb2+
SCF Energy =  -1352.79578915 au
C     1.28134700   2.47612200   0.62457900
C     1.18962900   2.43587700  -0.78190000
C    -0.08957800   2.50305800  -1.36501500
C    -1.28134700   2.47612200  -0.62457900
C    -1.18962900   2.43587700   0.78190000
C     0.08957800   2.50305800   1.36501500
C     2.70434600  -0.18768900   0.78190000
C     2.78505800  -0.12838100  -0.62457900
C     2.21250100  -1.17395300  -1.36501500
C     1.51471700  -2.24818800  -0.78190000
C     1.50371000  -2.34774000   0.62457900
C     2.12292300  -1.32910500   1.36501500
C    -1.51471700  -2.24818800   0.78190000
C    -1.50371000  -2.34774000  -0.62457900
C    -2.12292300  -1.32910500  -1.36501500
C    -2.70434600  -0.18768900  -0.78190000
C    -2.78505800  -0.12838100   0.62457900
C    -2.21250100  -1.17395300   1.36501500
C     0.75897400  -3.46190600   1.30853400
C    -0.73897800  -3.19322200   1.66404600
C     0.73897800  -3.19322200  -1.66404600
C    -0.75897400  -3.46190600  -1.30853400
C    -3.13490000   0.95663800  -1.66404600
C    -2.61861100   2.38824300  -1.30853400
C    -3.37758500   1.07366200   1.30853400
C    -2.39592300   2.23658400   1.66404600
C     3.37758500   1.07366200  -1.30853400
C     2.39592300   2.23658400  -1.66404600
C     3.13490000   0.95663800   1.66404600
C     2.61861100   2.38824300   1.30853400
H    -0.15880300   2.50969500  -2.44934100
H     0.15880300   2.50969500   2.44934100
H     2.25286100  -1.11732000  -2.44934100
H     2.09405800  -1.39237500   2.44934100
H    -2.09405800  -1.39237500  -2.44934100
H    -2.25286100  -1.11732000   2.44934100
H     0.83359000  -4.35654200   0.69112000
H     1.26655500  -3.70346800   2.24411100
H    -0.78964000  -2.80833800   2.68398500
H    -1.24470500  -4.16352200   1.69009000
H     1.24470500  -4.16352200  -1.69009000
H     0.78964000  -2.80833800  -2.68398500
H    -0.83359000  -4.35654200  -0.69112000
H    -1.26655500  -3.70346800  -2.24411100
H    -4.22806900   1.00381500  -1.69009000
H    -2.82691200   0.72032100  -2.68398500
H    -2.57402000   2.94860300  -2.24411100
H    -3.35608100   2.90018200  -0.69112000
H    -4.18967200   1.45636100   0.69112000
H    -3.84057500   0.75486500   2.24411100
H    -2.98336400   3.15970700   1.69009000
H    -2.03727300   2.08801700   2.68398500
H     4.18967200   1.45636100  -0.69112000
H     3.84057500   0.75486500  -2.24411100
H     2.98336400   3.15970700  -1.69009000
H     2.03727300   2.08801700  -2.68398500
H     4.22806900   1.00381500   1.69009000
H     2.82691200   0.72032100   2.68398500
H     3.35608100   2.90018200   0.69112000
H     2.57402000   2.94860300   2.24411100
Pb    0.00000000   0.00000000   0.00000000

Dp-As3+
SCF Energy =  -3394.93945427 au
C     1.28137100   2.37741100   0.62286700
C     1.18654700   2.32772300  -0.78667600
C    -0.09484600   2.32501700  -1.36912800
C    -1.28137100   2.37741100  -0.62286700
C    -1.18654700   2.32772300   0.78667600
C     0.09484600   2.32501700   1.36912800
C     2.60914100  -0.13628200   0.78667600
C     2.69958400  -0.07900600  -0.62286700
C     2.06094700  -1.08036900  -1.36912800
C     1.42259400  -2.19144100  -0.78667600
C     1.41821300  -2.29840500   0.62286700
C     1.96610100  -1.24464800   1.36912800
C    -1.42259400  -2.19144100   0.78667600
C    -1.41821300  -2.29840500  -0.62286700
C    -1.96610100  -1.24464800  -1.36912800
C    -2.60914100  -0.13628200  -0.78667600
C    -2.69958400  -0.07900600   0.62286700
C    -2.06094700  -1.08036900   1.36912800
C     0.76307100  -3.44768200   1.30890100
C    -0.73658500  -3.18725300   1.66021900
C     0.73658500  -3.18725300  -1.66021900
C    -0.76307100  -3.44768200  -1.30890100
C    -3.12853400   0.95572500  -1.66021900
C    -2.60424500   2.38468000  -1.30890100
C    -3.36731600   1.06300200   1.30890100
C    -2.39194900   2.23152800   1.66021900
C     3.36731600   1.06300200  -1.30890100
C     2.39194900   2.23152800  -1.66021900
C     3.12853400   0.95572500   1.66021900
C     2.60424500   2.38468000   1.30890100
H    -0.16616000   2.30425100  -2.45313100
H     0.16616000   2.30425100   2.45313100
H     2.07861900  -1.00822700  -2.45313100
H     1.91246000  -1.29602400   2.45313100
H    -1.91246000  -1.29602400  -2.45313100
H    -2.07861900  -1.00822700   2.45313100
H     0.85565700  -4.33989100   0.69156900
H     1.28645000  -3.66184300   2.24214100
H    -0.81383700  -2.85915300   2.69709200
H    -1.26567300  -4.14434100   1.60556400
H     1.26567300  -4.14434100  -1.60556400
H     0.81383700  -2.85915300  -2.69709200
H    -0.85565700  -4.33989100  -0.69156900
H    -1.28645000  -3.66184300  -2.24214100
H    -4.22194100   0.97606600  -1.60556400
H    -2.88301800   0.72477300  -2.69709200
H    -2.52802400   2.94502000  -2.24214100
H    -3.33062800   2.91096600  -0.69156900
H    -4.18628400   1.42892500   0.69156900
H    -3.81447400   0.71682300   2.24214100
H    -2.95626800   3.16827500   1.60556400
H    -2.06918000   2.13438000   2.69709200
H     4.18628400   1.42892500  -0.69156900
H     3.81447400   0.71682300  -2.24214100
H     2.95626800   3.16827500  -1.60556400
H     2.06918000   2.13438000  -2.69709200
H     4.22194100   0.97606600   1.60556400
H     2.88301800   0.72477300   2.69709200
H     3.33062800   2.91096600   0.69156900
H     2.52802400   2.94502000   2.24214100
As    0.00000000   0.00000000   0.00000000

Dp-Sb3+
SCF Energy =  -1399.65530292 au
C     1.28542900   2.42001100   0.62570100
C     1.19244100   2.37493600  -0.78510100
C    -0.09192700   2.40545900  -1.36905600
C    -1.28542900   2.42001100  -0.62570100
C    -1.19244100   2.37493600   0.78510100
C     0.09192700   2.40545900   1.36905600
C     2.65297500  -0.15478400   0.78510100
C     2.73850600  -0.09679100  -0.62570100
C     2.12915200  -1.12311900  -1.36905600
C     1.46053500  -2.22015200  -0.78510100
C     1.45307700  -2.32322000   0.62570100
C     2.03722500  -1.28234000   1.36905600
C    -1.46053500  -2.22015200   0.78510100
C    -1.45307700  -2.32322000  -0.62570100
C    -2.03722500  -1.28234000  -1.36905600
C    -2.65297500  -0.15478400  -0.78510100
C    -2.73850600  -0.09679100   0.62570100
C    -2.12915200  -1.12311900   1.36905600
C     0.76088100  -3.45914400   1.31178200
C    -0.73898000  -3.19760300   1.66244900
C     0.73898000  -3.19760300  -1.66244900
C    -0.76088100  -3.45914400  -1.31178200
C    -3.13869500   0.95882600  -1.66244900
C    -2.61526600   2.38851500  -1.31178200
C    -3.37614800   1.07063000   1.31178200
C    -2.39971500   2.23877700   1.66244900
C     3.37614800   1.07063000  -1.31178200
C     2.39971500   2.23877700  -1.66244900
C     3.13869500   0.95882600   1.66244900
C     2.61526600   2.38851500   1.31178200
H    -0.16101300   2.40460500  -2.45368800
H     0.16101300   2.40460500   2.45368800
H     2.16295600  -1.06286100  -2.45368800
H     2.00194300  -1.34174400   2.45368800
H    -2.00194300  -1.34174400  -2.45368800
H    -2.16295600  -1.06286100   2.45368800
H     0.85035300  -4.35228200   0.69481000
H     1.27772800  -3.68348500   2.24641000
H    -0.80965900  -2.85198000   2.69451600
H    -1.26037400  -4.15998700   1.63478600
H     1.26037400  -4.15998700  -1.63478600
H     0.80965900  -2.85198000  -2.69451600
H    -0.85035300  -4.35228200  -0.69481000
H    -1.27772800  -3.68348500  -2.24641000
H    -4.23284100   0.98847700  -1.63478600
H    -2.87471700   0.72480500  -2.69451600
H    -2.55112700   2.94828700  -2.24641000
H    -3.34401100   2.91256800  -0.69481000
H    -4.19436300   1.43971400   0.69481000
H    -3.82885500   0.73519800   2.24641000
H    -2.97246700   3.17150900   1.63478600
H    -2.06505800   2.12717500   2.69451600
H     4.19436300   1.43971400  -0.69481000
H     3.82885500   0.73519800  -2.24641000
H     2.97246700   3.17150900  -1.63478600
H     2.06505800   2.12717500  -2.69451600
H     4.23284100   0.98847700   1.63478600
H     2.87471700   0.72480500   2.69451600
H     3.34401100   2.91256800   0.69481000
H     2.55112700   2.94828700   2.24641000
Sb    0.00000000   0.00000000   0.00000000

Dp-Bi3+
SCF Energy =  -1374.05481316 au
C     1.28527000   2.43491600   0.62745000
C     1.19386400   2.39264900  -0.78378300
C    -0.08989600   2.43475700  -1.36917900
C    -1.28527000   2.43491600  -0.62745000
C    -1.19386400   2.39264900   0.78378300
C     0.08989600   2.43475700   1.36917900
C     2.66902700  -0.16240800   0.78378300
C     2.75133400  -0.10438200  -0.62745000
C     2.15350900  -1.13952600  -1.36917900
C     1.47516300  -2.23024100  -0.78378300
C     1.46606400  -2.33053400   0.62745000
C     2.06361300  -1.29523100   1.36917900
C    -1.47516300  -2.23024100   0.78378300
C    -1.46606400  -2.33053400  -0.62745000
C    -2.06361300  -1.29523100  -1.36917900
C    -2.66902700  -0.16240800  -0.78378300
C    -2.75133400  -0.10438200   0.62745000
C    -2.15350900  -1.13952600   1.36917900
C     0.76101200  -3.46122200   1.31287000
C    -0.74153400  -3.20222000   1.66032400
C     0.74153400  -3.20222000  -1.66032400
C    -0.76101200  -3.46122200  -1.31287000
C    -3.14397100   0.95892200  -1.66032400
C    -2.61700000   2.38966700  -1.31287000
C    -3.37801200   1.07155500   1.31287000
C    -2.40243600   2.24329700   1.66032400
C     3.37801200   1.07155500  -1.31287000
C     2.40243600   2.24329700  -1.66032400
C     3.14397100   0.95892200   1.66032400
C     2.61700000   2.38966700   1.31287000
H    -0.15754100   2.44404900  -2.45391100
H     0.15754100   2.44404900   2.45391100
H     2.19537900  -1.08559000  -2.45391100
H     2.03783800  -1.35845900   2.45391100
H    -2.03783800  -1.35845900  -2.45391100
H    -2.19537900  -1.08559000   2.45391100
H     0.85125100  -4.35535800   0.69732200
H     1.27304000  -3.68718900   2.24977800
H    -0.81307700  -2.85476000   2.69183500
H    -1.25705300  -4.16781400   1.63683700
H     1.25705300  -4.16781400  -1.63683700
H     0.81307700  -2.85476000  -2.69183500
H    -0.85125100  -4.35535800  -0.69732200
H    -1.27304000  -3.68718900  -2.24977800
H    -4.23795900   0.99526700  -1.63683700
H    -2.87883300   0.72323500  -2.69183500
H    -2.55667900   2.94607900  -2.24977800
H    -3.34622500   2.91488400  -0.69732200
H    -4.19747600   1.44047400   0.69732200
H    -3.82971900   0.74111000   2.24977800
H    -2.98090600   3.17254700   1.63683700
H    -2.06575600   2.13152500   2.69183500
H     4.19747600   1.44047400  -0.69732200
H     3.82971900   0.74111000  -2.24977800
H     2.98090600   3.17254700  -1.63683700
H     2.06575600   2.13152500  -2.69183500
H     4.23795900   0.99526700   1.63683700
H     2.87883300   0.72323500   2.69183500
H     3.34622500   2.91488400   0.69732200
H     2.55667900   2.94607900   2.24977800
Bi    0.00000000   0.00000000   0.00000000