Dp1Ga
SCF Energy =  -3545.13603568 au
C     2.55607000  -1.81479200  -0.36957100
C     3.23413600  -0.60315600  -0.41026600
C     2.88446900   0.42852900  -1.27016400
C     1.79487900   0.24624900  -2.12405000
C     1.16625200  -0.99252200  -2.13492100
C     1.51458300  -2.02587100  -1.27673200
H     4.06125300  -0.44769300   0.27774800
H     0.35040100  -1.15245600  -2.83341800
C     0.74027600  -3.31286200  -1.29262200
C    -0.50924600  -3.32050300  -0.37280200
H     1.40339100  -4.13521200  -1.01803200
H    -1.38692600  -3.05236800  -0.96785900
C     2.93694300  -2.83833500   0.66248200
C     1.76618800  -3.34511400   1.53907500
H     3.41906700  -3.70097700   0.18830300
H     2.15780900  -3.58263000   2.53136300
C    -0.44847800  -2.38123900   0.79957400
C    -1.48367500  -1.47655900   1.01407600
C     0.63662000  -2.36663600   1.67813600
C    -1.45208100  -0.50827500   2.01094700
H    -2.37894800  -1.54944800   0.39948900
C     0.67100800  -1.39915900   2.67212500
C    -0.33036900  -0.45269600   2.84350400
H     1.52967500  -1.37144100   3.33813800
C    -2.58393200   0.46795600   2.16350900
C    -2.41874600   1.78798100   1.36037400
H    -2.71053500   0.69892200   3.22345000
H    -3.51225100  -0.00596000   1.83795300
H    -2.86120500   2.60464500   1.94112000
H    -3.01455000   1.71562700   0.44879600
C    -0.16724800   0.60211500   3.90103900
C    -0.30282800   2.05958600   3.39651100
H     0.82228600   0.47258000   4.34489700
H    -0.88629300   0.44309500   4.71262400
H    -1.31193300   2.42565000   3.59418500
H     0.36880700   2.69153300   3.98278100
C    -1.00656000   2.12579900   0.97931700
C     0.00414600   2.22782800   1.93791300
C    -0.66856400   2.31274000  -0.35604300
C     1.30613900   2.44278900   1.51165300
C     0.63541100   2.52760100  -0.78644300
H    -1.46512000   2.31088700  -1.09826400
C     1.65138000   2.57168000   0.17224300
H     2.09469800   2.49669700   2.25784100
C     0.94287700   2.67976200  -2.24879300
C     1.26015400   1.35342300  -2.98925500
H     1.77858200   3.37282000  -2.36456600
H     0.09174600   3.15123800  -2.74681000
H     1.95354200   1.57238500  -3.80929500
H     0.34485800   0.98717700  -3.46041000
C     3.09900900   2.73761200  -0.19676600
C     3.63278700   1.72834400  -1.24114100
H     3.68413500   2.63802000   0.72013500
H     3.28436700   3.75374400  -0.56379400
H     3.60932100   2.17656100  -2.23623300
H     4.68597700   1.53351700  -1.02382800
H     0.41145900  -3.52108600  -2.31387200
H     3.69315100  -2.38848700   1.30969400
H    -0.68574300  -4.34763700  -0.03365500
H     1.38000200  -4.28365400   1.13739500
Cl   -4.43252700  -0.16784000  -1.18774400
Ga   -2.32024700  -0.23956200  -1.96844100

Dp1In
SCF Energy =  -1810.69013583 au
C     2.52852000  -2.01188100   0.54455100
C     3.24642000  -1.19159000  -0.31643000
C     2.78104300  -0.82185100  -1.57038300
C     1.52981100  -1.28514600  -1.98177000
C     0.84705400  -2.16446800  -1.15040800
C     1.31017500  -2.53577200   0.10418000
H     4.20603200  -0.80398100   0.01595500
H    -0.10040000  -2.57020900  -1.49349600
C     0.48370200  -3.43368900   0.98007200
C    -0.53934400  -2.69083600   1.88055400
H     1.14714600  -4.03770900   1.60166800
H    -1.51259000  -2.68543300   1.38110000
C     3.06396000  -2.28094800   1.92249500
C     2.07987400  -1.96784800   3.07536700
H     3.38847000  -3.32414100   2.01112800
H     2.65917000  -1.63876400   3.94166000
C    -0.18727700  -1.26722700   2.21200700
C    -1.10660800  -0.25214700   1.96698700
C     1.05791200  -0.92107600   2.74046200
C    -0.81510700   1.09508900   2.14713900
H    -2.11519700  -0.51810200   1.65622900
C     1.35115400   0.42326900   2.91873300
C     0.45832600   1.44068700   2.60916800
H     2.33127600   0.69283800   3.30395900
C    -1.83812700   2.14613700   1.82182900
C    -1.78237100   2.67768500   0.36316300
H    -1.72426900   2.97873100   2.51929200
H    -2.83726700   1.73753900   1.98536100
H    -2.06346300   3.73644800   0.36925000
H    -2.55661900   2.17036800  -0.21633100
C     0.89401200   2.87015500   2.76576700
C     0.72188400   3.74751000   1.50221700
H     1.94854100   2.86368400   3.05036100
H     0.35884500   3.34300700   3.59700700
H    -0.20631500   4.31730600   1.57174700
H     1.52873100   4.48426200   1.48127500
C    -0.46435800   2.49227200  -0.33184000
C     0.72686100   2.97022300   0.21932500
C    -0.39900300   1.80140600  -1.53649400
C     1.92197400   2.67275500  -0.41827800
C     0.79678200   1.50016400  -2.17740400
H    -1.33054900   1.49942900  -2.01259000
C     1.98994500   1.92830500  -1.58899300
H     2.84923300   3.02347800   0.02750400
C     0.80210900   0.70731000  -3.45318500
C     0.89049200  -0.83076900  -3.26430900
H     1.63028100   1.04724600  -4.07818600
H    -0.10818800   0.92843600  -4.01650200
H     1.41400500  -1.25601200  -4.12810000
H    -0.11963200  -1.24677900  -3.29253600
C     3.33699800   1.59902100  -2.16891000
C     3.58756600   0.09650100  -2.44010200
H     4.09257500   1.96103600  -1.46819100
H     3.49773900   2.15534500  -3.09961500
H     3.38181300  -0.13097700  -3.48775900
H     4.65091300  -0.10720300  -2.29134600
H    -0.06516000  -4.14070200   0.35280300
H     3.96283400  -1.67389400   2.05116900
H    -0.68411200  -3.27458500   2.79664500
H     1.56909600  -2.88096500   3.38640200
Cl   -4.52290200   0.03884600   0.09181700
In   -2.61122200  -0.94672500  -1.08836300

Dp1Tl
SCF Energy =  -1793.06999671 au
C     2.61766800  -1.33848900   1.78826000
C     3.30283100  -1.49408300   0.59008000
C     2.72252300  -2.03821900  -0.54694000
C     1.38660800  -2.43934700  -0.48812600
C     0.72660700  -2.35312600   0.73169500
C     1.30317600  -1.80603100   1.86962700
H     4.33364800  -1.15385500   0.53420900
H    -0.29205000  -2.72522600   0.79600700
C     0.50460700  -1.67551300   3.13527800
C    -0.30270800  -0.35458500   3.25733400
H     1.17348900  -1.77479600   3.99210200
H    -1.32912400  -0.53218800   2.92363800
C     3.29598400  -0.65254600   2.94012100
C     2.51195000   0.53864500   3.54134500
H     3.51265100  -1.37054700   3.73946700
H     3.23245900   1.27478900   3.90636600
C     0.24096000   0.80571000   2.47035300
C    -0.58759500   1.49454000   1.58982500
C     1.57506100   1.20376000   2.57587500
C    -0.12883800   2.50394500   0.75080400
H    -1.65183900   1.26712800   1.57615000
C     2.03408100   2.21057100   1.73887800
C     1.22446100   2.85017900   0.80965700
H     3.07974000   2.50086500   1.80280800
C    -1.06527300   3.17834500  -0.21126400
C    -1.14339800   2.51664700  -1.61495000
H    -0.77210700   4.22519600  -0.31546000
H    -2.07347900   3.17511100   0.20739500
H    -1.30296700   3.30339500  -2.36029500
H    -2.03939300   1.89304500  -1.64709800
C     1.83017300   3.87685100  -0.10505100
C     1.59006400   3.62989500  -1.61405000
H     2.90595200   3.89242500   0.08358500
H     1.46330400   4.87764900   0.14923400
H     0.74635500   4.23102500  -1.95708100
H     2.46247800   3.98886300  -2.16568000
C     0.04353500   1.67734200  -1.99069800
C     1.34194800   2.19178500  -1.96077500
C    -0.12445500   0.34391500  -2.34754500
C     2.40352400   1.33634300  -2.21491200
C     0.93708900  -0.51786600  -2.59764200
H    -1.13803300  -0.03709200  -2.46230100
C     2.23650300  -0.01134300  -2.50679500
H     3.41371400   1.73462700  -2.16593000
C     0.69002000  -1.96228900  -2.92881000
C     0.64355500  -2.91694200  -1.70460100
H     1.45874300  -2.30178700  -3.62589000
H    -0.25875800  -2.05005200  -3.46459700
H     1.01155200  -3.90001800  -2.01923400
H    -0.39927400  -3.06940300  -1.41539900
C     3.45253200  -0.87323800  -2.70033800
C     3.50402700  -2.14637700  -1.82269900
H     4.32792900  -0.25836900  -2.48018800
H     3.54773600  -1.16765100  -3.75189300
H     3.14205300  -3.00453800  -2.39215300
H     4.54961500  -2.36073200  -1.58809100
H    -0.19644100  -2.51126800   3.20496400
H     4.26519100  -0.29452800   2.58596500
H    -0.38325200  -0.09506000   4.31892900
H     1.95049200   0.20976800   4.41777600
Cl   -4.16845600   1.01221500   0.13482200
Tl   -2.47506100  -0.88697900  -0.06571500

Dp1Ge
SCF Energy =  -4157.36849289 au
C     0.89624600   1.45990000   2.47795000
C     1.37543300   0.22231600   2.88843300
C     0.63555100  -0.94630000   2.79307900
C    -0.65119000  -0.87958700   2.25688100
C    -1.15556200   0.36965500   1.89996300
C    -0.40760900   1.54352300   1.98020200
H     2.38197200   0.16665400   3.29471200
H    -2.21010300   0.44617500   1.63080000
C    -0.98645400   2.86337800   1.55376600
C    -0.68427500   3.28206000   0.08656600
H    -0.62159500   3.63760600   2.23255500
H    -1.55974300   3.05846000  -0.52578000
C     1.79383600   2.65942400   2.59976700
C     1.99588900   3.47076700   1.29871400
H     1.41998600   3.33149500   3.38066300
H     3.01211300   3.87238500   1.29651300
C     0.50817800   2.61634000  -0.53881200
C     0.36074300   1.88649600  -1.71154700
C     1.77238600   2.67107700   0.05075500
C     1.38584400   1.13487500  -2.26959900
H    -0.60418800   1.89609200  -2.21116300
C     2.80192200   1.92857600  -0.50903000
C     2.63205700   1.13607500  -1.63735500
H     3.77792900   1.94958900  -0.03099500
C     1.13244500   0.30026900  -3.49210500
C     0.61241000  -1.13068500  -3.19506600
H     2.04704200   0.24444200  -4.08511500
H     0.39629400   0.80332200  -4.12437300
H     0.92790900  -1.79007000  -4.01192500
H    -0.48024300  -1.12147600  -3.22812800
C     3.77780400   0.29352500  -2.12319000
C     3.45427000  -1.20802400  -2.30899000
H     4.58908800   0.39201600  -1.39844900
H     4.16797700   0.68776500  -3.06865400
H     3.20361600  -1.40880600  -3.35211100
H     4.36108200  -1.78218300  -2.10283000
C     1.01856400  -1.70643500  -1.86578900
C     2.34519100  -1.70888600  -1.43100700
C     0.04623800  -2.23350200  -1.02183500
C     2.62065600  -2.15476800  -0.14605800
C     0.31995500  -2.68246600   0.26394100
H    -0.97460700  -2.30970200  -1.38637300
C     1.63904300  -2.61277300   0.72228100
H     3.65010900  -2.12859500   0.20207000
C    -0.78666500  -3.19447700   1.14388100
C    -1.46506700  -2.12142800   2.04410300
H    -0.39643300  -3.99843900   1.77188000
H    -1.55999500  -3.64328200   0.51698000
H    -1.71033600  -2.58072400   3.00753100
H    -2.41999100  -1.83995800   1.59868100
C     2.01949700  -2.98983700   2.12533900
C     1.22042200  -2.25671000   3.23086900
H     3.08176400  -2.76925600   2.25056400
H     1.91460200  -4.07032000   2.27441000
H     0.41885200  -2.90192800   3.59486200
H     1.88300800  -2.08774900   4.08317000
H    -2.07126500   2.83619700   1.67659500
H     2.76609500   2.30500100   2.94875600
H    -0.57374800   4.37149100   0.05783700
H     1.32901500   4.33498200   1.29459600
Cl   -4.02517100   1.57259800  -0.40308400
Cl   -3.76411900  -1.71875200  -0.84826000
Ge   -2.47171300   0.07841200  -0.91597100

Dp1Sn
SCF Energy =  -2294.96562801 au
C     1.19275100   1.53525100   2.41910400
C     1.66775300   0.30485900   2.85560400
C     0.90635800  -0.85348300   2.83343600
C    -0.40063700  -0.78405000   2.34895900
C    -0.90016100   0.46161100   1.96947800
C    -0.12917700   1.62462900   1.97303200
H     2.68874600   0.24645800   3.22365500
H    -1.96841800   0.55343600   1.76536300
C    -0.70378500   2.93880500   1.52294300
C    -0.45918000   3.29793200   0.02894800
H    -0.29580300   3.73029300   2.15538300
H    -1.36437100   3.06344300  -0.53609700
C     2.11357300   2.72239200   2.46326000
C     2.27123300   3.48704600   1.12884700
H     1.78399800   3.42532600   3.23679300
H     3.29148500   3.87385000   1.07039900
C     0.70012800   2.59633500  -0.62075400
C     0.50058800   1.83296700  -1.76468000
C     1.98612500   2.64799100  -0.08000600
C     1.48919000   1.03786100  -2.32938200
H    -0.47703000   1.85388100  -2.23826800
C     2.98153200   1.86829800  -0.65091700
C     2.75699700   1.03770100  -1.74166000
H     3.97495100   1.88942100  -0.21032400
C     1.17512700   0.16200100  -3.50879100
C     0.64797400  -1.25135200  -3.14157200
H     2.06444400   0.07089100  -4.13484700
H     0.42154500   0.65275300  -4.13008300
H     0.92955000  -1.94358800  -3.94333200
H    -0.44514000  -1.23074100  -3.14233000
C     3.87034100   0.15816500  -2.23689700
C     3.51506500  -1.34249500  -2.35640800
H     4.70889400   0.26792800  -1.54566100
H     4.23225900   0.51171800  -3.20925600
H     3.22197700  -1.57577100  -3.38149800
H     4.41906100  -1.92549200  -2.16339900
C     1.09057100  -1.78486400  -1.80631000
C     2.43195100  -1.79155000  -1.42005400
C     0.14300900  -2.27037900  -0.90906400
C     2.74877500  -2.19725700  -0.13142600
C     0.45749400  -2.67352000   0.38343700
H    -0.88923700  -2.36440600  -1.23795000
C     1.79423000  -2.60819600   0.78883800
H     3.79108100  -2.17742300   0.17640700
C    -0.62151700  -3.13428700   1.32399400
C    -1.24127400  -2.01915200   2.21682400
H    -0.22077700  -3.92553300   1.96136200
H    -1.43060100  -3.58418000   0.74518300
H    -1.44767300  -2.44111900   3.20588300
H    -2.21340000  -1.74160900   1.80657800
C     2.22338100  -2.94634100   2.18747600
C     1.48667700  -2.15670900   3.29710900
H     3.29460800  -2.74760000   2.26221900
H     2.09973300  -4.01823800   2.37752500
H     0.69058600  -2.77190800   3.72006300
H     2.18861100  -1.96756200   4.11278800
H    -1.78263300   2.93647500   1.69094500
H     3.09439100   2.36312500   2.78198400
H    -0.34163700   4.38432500  -0.04597900
H     1.61591300   4.35987800   1.12222700
Cl   -3.97981300   1.67089300  -0.00033200
Cl   -3.73973100  -1.86703100  -0.51170800
Sn   -2.37146800   0.08330100  -0.82102500

Dp1Pb
SCF Energy =  -2273.53677927 au
C    -1.54614200   1.60772000  -2.35041200
C    -2.06199900   0.39175000  -2.78070700
C    -1.31140900  -0.77210700  -2.84502800
C     0.03002000  -0.72391700  -2.46284100
C     0.56944000   0.51228800  -2.10135000
C    -0.19230900   1.67944900  -2.00877900
H    -3.10841800   0.34897900  -3.07133100
H     1.65322400   0.59805600  -1.99734700
C     0.42506100   2.97818900  -1.56881500
C     0.29094400   3.30601700  -0.05189700
H    -0.01899400   3.78760200  -2.15244100
H     1.23948400   3.06870800   0.43510000
C    -2.45916300   2.79988100  -2.29304700
C    -2.51137700   3.52660000  -0.92966100
H    -2.18203200   3.52277300  -3.06856100
H    -3.52257200   3.91307400  -0.78169300
C    -0.81412000   2.58621700   0.66850500
C    -0.53227600   1.79384600   1.77659200
C    -2.13749800   2.65318200   0.22944900
C    -1.47684300   0.98074100   2.39153700
H     0.47308900   1.82233200   2.19086500
C    -3.08970800   1.86301200   0.85640400
C    -2.78677800   1.00306400   1.90443600
H    -4.11461300   1.90115000   0.49669100
C    -1.08082300   0.07192200   3.52094100
C    -0.61304800  -1.34563500   3.08714100
H    -1.91749800  -0.01821600   4.21596800
H    -0.27053500   0.53640200   4.08889100
H    -0.85597400  -2.04804100   3.89239300
H     0.47846600  -1.35448600   3.01736400
C    -3.86832100   0.12461300   2.46707300
C    -3.52620600  -1.38226100   2.52074400
H    -4.75845000   0.26255200   1.84945700
H    -4.14460100   0.45894000   3.47366600
H    -3.15686900  -1.64588500   3.51334100
H    -4.45016600  -1.94961800   2.38452900
C    -1.15942700  -1.83961500   1.77484000
C    -2.52564000  -1.81691300   1.49103500
C    -0.28934300  -2.31438500   0.79604900
C    -2.94458000  -2.17900700   0.21868500
C    -0.70539700  -2.66552700  -0.48385200
H     0.76074000  -2.44930100   1.04562300
C    -2.06793100  -2.57015000  -0.78419800
H    -4.00684900  -2.13818500  -0.00807700
C     0.29454600  -3.10674000  -1.51740600
C     0.86517500  -1.97014300  -2.41742400
H    -0.16351800  -3.87127600  -2.14848300
H     1.13910600  -3.58264800  -1.01558000
H     1.00412500  -2.36654100  -3.42855500
H     1.86564300  -1.71561600  -2.06205600
C    -2.60758100  -2.86163800  -2.15482400
C    -1.93852200  -2.05801100  -3.29553500
H    -3.67686400  -2.63990300  -2.14399400
H    -2.52154600  -3.93037900  -2.38003700
H    -1.18155600  -2.67258300  -3.78537600
H    -2.69226800  -1.84236900  -4.05659300
H     1.48998300   2.97043300  -1.80916000
H    -3.46343800   2.45522800  -2.54834600
H     0.17243900   4.38960500   0.05279100
H    -1.85389800   4.39744300  -0.94881400
Cl    3.73838500   1.73064800  -0.24224100
Cl    3.49345400  -2.00377900   0.21525100
Pb    2.06671500   0.03415100   0.55198400

Dp1As
SCF Energy =  -4776.30377353 au
C    -2.08269900  -2.22927200   1.34434100
C    -2.66873400  -1.17775300   2.03704300
C    -1.93212100  -0.19350800   2.67990800
C    -0.53858700  -0.25443200   2.61810200
C     0.04654200  -1.34207000   1.98073800
C    -0.68837900  -2.32938700   1.33718700
H    -3.75357300  -1.11349000   2.06158800
H     1.12960800  -1.43537200   1.99838100
C     0.00849100  -3.45303200   0.62376200
C     0.32935100  -3.17732800  -0.87044900
H    -0.59944800  -4.35647000   0.70557000
H     1.36847700  -2.85160800  -0.95236300
C    -2.96144900  -3.20542300   0.61412700
C    -2.62054600  -3.40086600  -0.88294100
H    -2.94019700  -4.18299700   1.10939600
H    -3.54843400  -3.60336000  -1.42363200
C    -0.53571900  -2.14064900  -1.52923000
C     0.04916200  -1.04411700  -2.15137300
C    -1.92921200  -2.22564600  -1.50864900
C    -0.68611000   0.00650500  -2.68497400
H     1.13226800  -1.01205400  -2.24019500
C    -2.66617000  -1.17728200  -2.04007500
C    -2.08047400  -0.05099900  -2.60346200
H    -3.75099300  -1.23159100  -1.99760700
C     0.01021800   1.18680500  -3.30077800
C     0.32972200   2.34324900  -2.31491800
H    -0.59745400   1.56712100  -4.12450300
H     0.95074300   0.85427300  -3.74656100
H     0.27412400   3.29028100  -2.86334100
H     1.36844400   2.25147500  -1.99047800
C    -2.95984100   1.06877800  -3.08429700
C    -2.62053800   2.46347900  -2.50517300
H    -3.98836900   0.81660700  -2.81681400
H    -2.93819200   1.12845400  -4.17854300
H    -1.99925400   3.01658700  -3.21201200
H    -3.54901400   3.03217400  -2.41105400
C    -0.53676200   2.39560400  -1.08872900
C    -1.93020200   2.41878400  -1.17396100
C     0.04699600   2.38745400   0.17251900
C    -2.66812400   2.35425300  -0.00096500
C    -0.68925200   2.32322400   1.34849600
H     1.12998300   2.44941000   0.24567900
C    -2.08347000   2.27957100   1.25662200
H    -3.75288700   2.34341600  -0.07013900
C     0.00586800   2.26642700   2.67913800
C     0.32670200   0.83430500   3.18656200
H    -0.60327200   2.78810200   3.42025200
H     0.94576800   2.81997400   2.61545600
H     0.27126300   0.83482500   4.28093900
H     1.36562800   0.60064800   2.94445300
C    -2.96374000   2.13500900   2.46591500
C    -2.62390500   0.93620100   3.38412100
H    -3.99188000   2.02844800   2.11295200
H    -2.94350300   3.05267600   3.06497900
H    -2.00320200   1.27217500   4.21682400
H    -3.55224800   0.56940800   3.82905300
H     0.94850600  -3.67294400   1.13550700
H    -3.99008200  -2.84777000   0.69781600
H     0.27311600  -4.12555300  -1.41673600
H    -1.99926700  -4.28962600  -1.00807500
Cl    3.69626800  -1.80982200   0.58259900
Cl    3.69664200   0.40167700  -1.85728300
Cl    3.69606000   1.40891700   1.27779000
As    2.62753800   0.00019300   0.00087200

Dp1Sb
SCF Energy =  -2780.99875119 au
C    -2.19514600  -1.65007500  -2.00815000
C    -2.78200900  -2.18371700  -0.86815900
C    -2.04711500  -2.68058300   0.19828400
C    -0.65377500  -2.63847400   0.12726900
C    -0.06804000  -2.17583200  -1.04692600
C    -0.80082500  -1.66359000  -2.11173200
H    -3.86680700  -2.19671100  -0.80134000
H     1.01221900  -2.25061100  -1.15588700
C    -0.10397600  -1.11794100  -3.32685000
C     0.20610800   0.40536200  -3.28270600
H    -0.70791000  -1.33901800  -4.20939800
H     1.25003300   0.54241800  -2.99137700
C    -3.07543100  -1.07352000  -3.08063000
C    -2.73931500   0.37921200  -3.49202000
H    -3.05039100  -1.70711400  -3.97453200
H    -3.66858100   0.88368100  -3.76787200
C    -0.65381500   1.20891600  -2.34855700
C    -0.06834300   1.99456300  -1.36068100
C    -2.04712300   1.16816600  -2.42067700
C    -0.80135900   2.66042000  -0.38472900
H     1.01189000   2.12646700  -1.37086000
C    -2.78226300   1.84327500  -1.45734200
C    -2.19567300   2.56381500  -0.42510500
H    -3.86704300   1.79171500  -1.50218700
C    -0.10503400   3.44028400   0.69541700
C     0.20494300   2.64058300   1.99268200
H    -0.70946100   4.31484700   0.94503900
H     0.84050900   3.82456800   0.30611200
H     0.13245100   3.32600000   2.84422100
H     1.24898800   2.32011400   1.96609500
C    -3.07625300   3.20420200   0.61022700
C    -2.74064700   2.83387500   2.07412700
H    -4.10491600   2.90544900   0.39714000
H    -3.05113700   4.29514900   0.50863800
H    -2.12188800   3.61402400   2.52109600
H    -3.67016000   2.82002900   2.64851700
C    -0.65463900   1.42955200   2.22121200
C    -2.04798500   1.51184000   2.22180200
C    -0.06865900   0.18146100   2.40769100
C    -2.78262800   0.33970400   2.32477200
C    -0.80118500  -0.99697600   2.49634500
H     1.01159300   0.12476100   2.52701200
C    -2.19550300  -0.91426000   2.43272500
H    -3.86744000   0.40379800   2.30248500
C    -0.10426100  -2.32204100   2.63158900
C     0.20590000  -3.04567700   1.29042600
H    -0.70823700  -2.97574400   3.26435700
H     0.84130400  -2.17653300   3.15886900
H     0.13371700  -4.12583800   1.45834400
H     1.24990200  -2.86212000   1.02625300
C    -3.07558500  -2.13145100   2.46971200
C    -2.73941800  -3.21396500   1.41714200
H    -4.10440000  -1.79801800   2.31751200
H    -3.05025600  -2.58889700   3.46531500
H    -2.12012400  -3.99067800   1.86933100
H    -3.66865100  -3.70511500   1.11811800
H     0.84162000  -1.64726500  -3.46457100
H    -4.10415000  -1.10831700  -2.71548000
H     0.13419700   0.80018800  -4.30206800
H    -2.12008300   0.37590400  -4.39080000
Cl    3.54609500  -0.89484800  -1.81144800
Cl    3.54597500   2.01672900   0.13126700
Cl    3.54547900  -1.12156600   1.68108700
Sb    2.32841500   0.00028900   0.00007000

Dp1Bi
SCF Energy =  -2755.38952013 au
C    -2.35669800   2.35420200   1.09738700
C    -2.94400000   2.34498900  -0.16110700
C    -2.21068000   2.33387900  -1.33826800
C    -0.81732900   2.33030000  -1.25813300
C    -0.22956400   2.42186200   0.00156800
C    -0.96227700   2.41164900   1.18552300
H    -4.02884100   2.32962500  -0.22600600
H     0.84799900   2.56582100   0.06680500
C    -0.26761200   2.44572800   2.51879200
C     0.02939200   1.05386600   3.14980900
H    -0.86915700   3.03583200   3.21334300
H     1.07788000   0.80537100   2.97015800
C    -3.23825700   2.30280000   2.31282600
C    -2.91058700   1.16770700   3.31060300
H    -3.20637900   3.26014900   2.84507000
H    -3.84289500   0.83232000   3.77126800
C    -0.82429100  -0.07474100   2.64470900
C    -0.23655000  -1.21203600   2.09531400
C    -2.21761300  -0.00560700   2.68505700
C    -0.96911100  -2.23194800   1.49379200
H     0.84075600  -1.34122100   2.18905200
C    -2.95082400  -1.03015900   2.10513700
C    -2.36341100  -2.12551200   1.48540800
H    -4.03563700  -0.96502300   2.12202000
C    -0.27458700  -3.40523800   0.85960000
C     0.02646800  -3.25731000  -0.66052100
H    -0.87784200  -4.30077200   1.02260900
H     0.67512700  -3.57769200   1.37016700
H    -0.06789000  -4.24400600  -1.12633600
H     1.07555400  -2.97843400  -0.78301000
C    -3.24482200  -3.15162800   0.83190700
C    -2.91442800  -3.44888400  -0.64939500
H    -4.27386000  -2.79225100   0.89958900
H    -3.21508700  -4.09111600   1.39518600
H    -2.30006900  -4.34817600  -0.71868900
H    -3.84596100  -3.67841300  -1.17231100
C    -0.82408400  -2.25458000  -1.38751900
C    -2.21766800  -2.32165700  -1.35105500
C    -0.23294300  -1.21096100  -2.09602900
C    -2.94765900  -1.30543100  -1.94938600
C    -0.96227000  -0.17819100  -2.67933100
H     0.84467200  -1.22964000  -2.25264400
C    -2.35682600  -0.22176400  -2.58612400
H    -4.03268400  -1.35061000  -1.90415900
C    -0.26443900   0.95696500  -3.37624900
C     0.03624400   2.19945800  -2.48769900
H    -0.86529500   1.26442800  -4.23471700
H     0.68576600   0.59980600  -3.77866200
H    -0.05478000   3.09592000  -3.11021100
H     1.08444600   2.16483400  -2.18207600
C    -3.23493500   0.85861600  -3.15059600
C    -2.90358200   2.28986100  -2.66730300
H    -4.26517000   0.62208800  -2.87614300
H    -3.20202900   0.84003200  -4.24576200
H    -2.28608700   2.79793200  -3.40999900
H    -3.83439400   2.85901100  -2.60787800
H     0.68366700   2.97144400   2.41340900
H    -4.26754200   2.18414400   1.96765600
H    -0.06481700   1.14354300   4.23726500
H    -2.29480700   1.55554000   4.12386800
Bi    2.01252900  -0.00096800   0.00078700
Cl    3.28786400   1.65151000   1.30018000
Cl    3.28211900  -1.95511700   0.78527700
Cl    3.28796400   0.29375200  -2.08054300