Dp2Ga
SCF Energy =  -5929.89202225 au
C     1.71061800   2.87020000   0.75165100
C     0.49124500   3.21309700   1.32183100
C    -0.64237400   3.48614200   0.56927700
C    -0.56065800   3.38820200  -0.82202700
C     0.67032300   3.09264500  -1.39353200
C     1.81074200   2.84577200  -0.64195500
H     0.41778200   3.25416500   2.40567200
H     0.74067800   3.03696100  -2.47689800
C     3.10459800   2.50140500  -1.32066500
C     3.27184400   0.99580800  -1.63718500
H     3.93762100   2.84343700  -0.70465700
H     2.93021800   0.80822300  -2.65753100
C     2.86398600   2.50029100   1.64191700
C     3.52213300   1.13361300   1.33193800
H     3.64001200   3.27293300   1.60582100
H     3.88529200   0.70494100   2.26908000
C     2.51071500   0.07340500  -0.72998300
C     1.65816700  -0.88092900  -1.27955800
C     2.60228200   0.15243800   0.66721500
C     0.84090000  -1.70405300  -0.51200800
H     1.61012100  -0.96736500  -2.36172400
C     1.77344000  -0.66433100   1.43151600
C     0.86892700  -1.56383700   0.87685400
H     1.82196400  -0.57723700   2.51362500
C    -0.07843400  -2.68531300  -1.17676900
C    -1.45592300  -2.09446200  -1.56167600
H    -0.21401900  -3.54946100  -0.52510400
H     0.39662500  -3.06413000  -2.08462200
H    -2.20647600  -2.89117500  -1.53020400
H    -1.41517100  -1.74691200  -2.59624600
C    -0.04745100  -2.34094800   1.77855200
C    -1.54947900  -2.25943300   1.41501000
H     0.09282500  -1.96473300   2.79422500
H     0.24924800  -3.39542900   1.80250000
H    -1.84956000  -3.11871200   0.81575800
H    -2.13082600  -2.32756100   2.33745300
C    -1.90407400  -0.93942800  -0.71362700
C    -1.92566200  -1.00288800   0.68693300
C    -2.28436300   0.25385800  -1.32310500
C    -2.24157400   0.15198900   1.39713300
C    -2.60944500   1.40259100  -0.60970000
H    -2.29920400   0.29694700  -2.40876300
C    -2.54711000   1.36263400   0.78467400
H    -2.22424400   0.10911800   2.48281700
C    -2.97747000   2.66211400  -1.33612000
C    -1.76456100   3.55154100  -1.70749400
H    -3.68424500   3.22938400  -0.72829400
H    -3.51004300   2.40350000  -2.25441500
H    -2.09267100   4.59692000  -1.72326600
H    -1.45679200   3.31728100  -2.72887200
C    -2.78489400   2.57895000   1.63291100
C    -1.93899600   3.81814800   1.24901600
H    -2.56411000   2.30704900   2.66734800
H    -3.84568400   2.85358000   1.61209100
H    -2.52228700   4.48130100   0.60782400
H    -1.73387600   4.38536200   2.16006200
H     3.17772600   3.05535500  -2.25959100
H     2.49629000   2.49065600   2.67041900
H     4.33677700   0.74133400  -1.61446500
H     4.40618200   1.26440700   0.70802900
Cl   -4.65088100  -3.27863600  -0.21721000
Cl    5.92265000  -1.12946600  -0.26003100
Ga   -4.85303200  -1.02133400   0.01059100
Ga    4.06803300  -2.40794900   0.07614700

Dp2In
SCF Energy =  -2460.99995119 au
C    -1.61531300   3.15163100  -0.75154800
C    -0.38270500   3.43919800  -1.32385600
C     0.76295800   3.66229500  -0.57308700
C     0.67866300   3.56968400   0.81840600
C    -0.56342900   3.32980000   1.39200200
C    -1.71473300   3.13306900   0.64226900
H    -0.30913000   3.47607000  -2.40785000
H    -0.63472000   3.27846000   2.47551700
C    -3.02180500   2.84612900   1.32222700
C    -3.25377800   1.34968000   1.64081000
H    -3.83988600   3.22251700   0.70635900
H    -2.91971100   1.14878500   2.66120500
C    -2.78571500   2.83283000  -1.63904500
C    -3.50143300   1.49536600  -1.32830000
H    -3.52754700   3.63814300  -1.59965400
H    -3.88165600   1.08273500  -2.26590600
C    -2.53458300   0.39374500   0.73394300
C    -1.72659600  -0.59851300   1.28413900
C    -2.62465600   0.47525900  -0.66337400
C    -0.95354900  -1.46388100   0.51644700
H    -1.67668100  -0.68187800   2.36657100
C    -1.83872900  -0.38252900  -1.42789800
C    -0.97939800  -1.32628600  -0.87326300
H    -1.88271600  -0.29296800  -2.51013000
C    -0.07486900  -2.48240500   1.18059600
C     1.32710300  -1.94851200   1.56009500
H     0.02398300  -3.35275400   0.53053700
H    -0.56197500  -2.83954000   2.09095100
H     2.04533600  -2.77442700   1.52294400
H     1.30479400  -1.60019300   2.59502400
C    -0.09947700  -2.14597500  -1.77353600
C     1.40671200  -2.11906600  -1.41693400
H    -0.23055400  -1.77270700  -2.79154500
H    -0.43537900  -3.18880300  -1.78750300
H     1.68006300  -2.98884700  -0.81985700
H     1.97994700  -2.20806400  -2.34269000
C     1.81883100  -0.81255300   0.71033800
C     1.83448200  -0.87770700  -0.69040600
C     2.25312000   0.36271100   1.31890400
C     2.20314200   0.26064300  -1.40172400
C     2.63489100   1.49376900   0.60445300
H     2.26732600   0.40704200   2.40462200
C     2.57015000   1.45546500  -0.79036200
H     2.17836000   0.21950200  -2.48743300
C     3.06069400   2.73608200   1.32968100
C     1.88984200   3.67978000   1.70209200
H     3.79142600   3.27073800   0.72049700
H     3.58211700   2.45482100   2.24786200
H     2.26496000   4.70925200   1.71646400
H     1.57343600   3.46043100   2.72411900
C     2.86186000   2.65980000  -1.63938000
C     2.07222300   3.93559100  -1.25492500
H     2.62807500   2.39767200  -2.67350000
H     3.93375200   2.88787200  -1.62004400
H     2.68555400   4.57239800  -0.61502700
H     1.89135900   4.51096300  -2.16600000
H    -3.07035300   3.40400400   2.26042000
H    -2.42158500   2.80871700  -2.66861300
H    -4.32869100   1.14082800   1.61708700
H    -4.38030100   1.66157000  -0.70543800
Cl    4.42120500  -3.44220300   0.24645700
Cl   -6.12985100  -0.52935600   0.30379100
In   -4.31483100  -2.16891700  -0.06846300
In    4.94940200  -1.03856200  -0.00879900

Dp2Tl
SCF Energy =  -2425.75827466 au
C    -1.53729300   3.46920300  -0.75349800
C    -0.29559300   3.71226200  -1.32682000
C     0.85770400   3.89543000  -0.57687700
C     0.77084100   3.80729500   0.81475600
C    -0.47862500   3.61199600   1.38928500
C    -1.63664200   3.45559600   0.64040000
H    -0.22152300   3.74539200  -2.41091700
H    -0.55118600   3.56398000   2.47286700
C    -2.95268900   3.21465700   1.32063500
C    -3.23442400   1.72745100   1.64139300
H    -3.75777400   3.61679200   0.70402200
H    -2.90709100   1.51704300   2.66213200
C    -2.71911200   3.19069800  -1.63919400
C    -3.47872900   1.87776900  -1.32749100
H    -3.43328100   4.02049900  -1.59774200
H    -3.87156400   1.47751000  -2.26526400
C    -2.54805600   0.74666700   0.73573300
C    -1.77636700  -0.27331300   1.28721700
C    -2.63667700   0.82915500  -0.66178900
C    -1.04119500  -1.17179900   0.52024500
H    -1.72547900  -0.35399000   2.36990400
C    -1.88592900  -0.05973900  -1.42562000
C    -1.06563000  -1.03742400  -0.87015900
H    -1.92634600   0.03051600  -2.50804300
C    -0.19564900  -2.21815600   1.18447200
C     1.22339400  -1.72895400   1.56023100
H    -0.12495400  -3.09232300   0.53579500
H    -0.69149400  -2.55786600   2.09689000
H     1.91607300  -2.57659500   1.51902300
H     1.21475800  -1.38026700   2.59529400
C    -0.21455600  -1.88911400  -1.76874900
C     1.29313600  -1.90379900  -1.41687300
H    -0.33859200  -1.51834200  -2.78859600
H    -0.57911600  -2.92232200  -1.77531700
H     1.54602200  -2.78080600  -0.82109300
H     1.86032200  -2.00887300  -2.34467900
C     1.74861000  -0.60919700   0.70917700
C     1.76001200  -0.67554400  -0.69174800
C     2.22511500   0.54984400   1.31705100
C     2.17049900   0.44769000  -1.40378900
C     2.65268500   1.66396700   0.60191600
H     2.23855900   0.59506500   2.40283400
C     2.58728300   1.62676200  -0.79329300
H     2.14099100   0.40799900  -2.48952700
C     3.12242100   2.89132000   1.32598400
C     1.98547400   3.87588000   1.69793700
H     3.87084800   3.40018200   0.71602500
H     3.63379000   2.59329100   2.24468000
H     2.39653200   4.89157400   1.71138100
H     1.66196300   3.66850700   2.72022200
C     2.92141300   2.82011800  -1.64284200
C     2.17535700   4.12249200  -1.25964500
H     2.67954800   2.56546000  -2.67698800
H     4.00024600   3.01302000  -1.62328100
H     2.81042300   4.73878700  -0.62077300
H     2.01400200   4.70262300  -2.17137300
H    -2.98250200   3.77550300   2.25784300
H    -2.35770800   3.15519900  -2.66943700
H    -4.31580700   1.55369700   1.61606900
H    -4.35279700   2.07146800  -0.70565100
Cl    4.20975400  -3.43708300   0.25612100
Cl   -6.24275000   0.03617200   0.33692200
Tl    4.89505100  -0.97277000  -0.00396900
Tl   -4.45142900  -1.76689100  -0.04993600

Dp2Ge
SCF Energy =  -7154.36353623 au
C    -1.67853600   3.24609400  -0.50309800
C    -0.45796000   3.65965000  -1.02118600
C     0.69053800   3.76723800  -0.24949200
C     0.62347300   3.42059200   1.10243000
C    -0.60738300   3.05281500   1.63053600
C    -1.76226900   2.97185900   0.86479100
H    -0.39619900   3.89564500  -2.08054600
H    -0.66679700   2.80448500   2.68710400
C    -3.05622100   2.54336800   1.49323500
C    -3.26172400   1.01041500   1.53882100
H    -3.88726700   3.01172200   0.96378000
H    -2.91066200   0.62918300   2.49923400
C    -2.85154900   3.07203000  -1.42779000
C    -3.54660200   1.69039200  -1.35628000
H    -3.60438300   3.84630700  -1.24323000
H    -3.93894700   1.44538400  -2.34575500
C    -2.53998700   0.24978000   0.46221500
C    -1.67518000  -0.78989900   0.81962600
C    -2.64185400   0.58667100  -0.89900900
C    -0.89243300  -1.47631900  -0.09990200
H    -1.62030800  -1.07441500   1.86538500
C    -1.83362500  -0.08375100  -1.80896700
C    -0.94496000  -1.08725700  -1.44234800
H    -1.89287800   0.20045400  -2.85577200
C     0.00143200  -2.58943500   0.36077500
C     1.40368900  -2.12547900   0.82089700
H     0.09737100  -3.32618100  -0.43783000
H    -0.47767200  -3.10799000   1.19418200
H     2.12018900  -2.93275900   0.63756100
H     1.39376500  -1.96988000   1.90086000
C    -0.06274800  -1.70803400  -2.48861800
C     1.44490800  -1.74333000  -2.14178400
H    -0.20140900  -1.14396800  -3.41327800
H    -0.39490700  -2.72944900  -2.70426500
H     1.71724700  -2.70570500  -1.71011300
H     2.01520900  -1.66331600  -3.06967400
C     1.87834800  -0.84915900   0.18433400
C     1.86765300  -0.65049800  -1.20722900
C     2.27344900   0.21801800   0.99823100
C     2.18868800   0.60850400  -1.69931000
C     2.61677600   1.46682000   0.49734000
H     2.31235400   0.05775100   2.07075000
C     2.53713300   1.67739300  -0.88320800
H     2.15015200   0.76639800  -2.77339900
C     3.02758600   2.56340900   1.43425300
C     1.84152000   3.39463300   1.98337400
H     3.73897400   3.21698500   0.92698600
H     3.56676900   2.12659100   2.27803900
H     2.19410300   4.41234200   2.18419800
H     1.54224200   2.98353100   2.94976200
C     2.79374000   3.02232800  -1.49996400
C     1.98623400   4.18900400  -0.87949800
H     2.55230100   2.94920500  -2.56241100
H     3.86150800   3.26277700  -1.44811400
H     2.59507400   4.70948700  -0.13846300
H     1.78384900   4.91796100  -1.66770000
H    -3.10188900   2.91963300   2.51779200
H    -2.49491400   3.23542300  -2.44710600
H    -4.33470800   0.79495100   1.50153300
H    -4.41319000   1.73188100  -0.69711400
Cl    4.51458100  -3.07114200  -0.92383000
Cl    4.97611700  -1.60413200   2.04767000
Cl   -4.33221400  -2.64218200   1.92132000
Cl   -5.94910600  -0.73270000  -0.30044300
Ge    4.67452300  -1.01377500  -0.07662100
Ge   -4.11318600  -1.99431500  -0.19655600

Dp2Sn
SCF Energy =  -3429.55809884 au
C    -1.61183200   3.46260200  -0.49199600
C    -0.38218400   3.84110900  -1.01556600
C     0.77281200   3.91308400  -0.24941100
C     0.70248900   3.56504000   1.10205400
C    -0.53602600   3.23250900   1.63570200
C    -1.69679000   3.18816500   0.87581900
H    -0.31900900   4.07832200  -2.07458000
H    -0.59749700   2.98358900   2.69198200
C    -2.99972500   2.79637200   1.50945900
C    -3.24818600   1.26986100   1.55275400
H    -3.81955700   3.28908000   0.98474000
H    -2.90542600   0.87574400   2.51090100
C    -2.79435700   3.32523400  -1.41057100
C    -3.52760100   1.96316200  -1.34090900
H    -3.52441600   4.11901300  -1.21806200
H    -3.92873900   1.73290300  -2.33045200
C    -2.55177100   0.49253900   0.47138800
C    -1.72520800  -0.57994400   0.82195000
C    -2.65334300   0.83199400  -0.88936700
C    -0.96905800  -1.29089800  -0.10435900
H    -1.67490900  -0.86936800   1.86666300
C    -1.87122900   0.13646400  -1.80544500
C    -1.01271100  -0.89611600  -1.44577200
H    -1.92655100   0.42504900  -2.85134200
C    -0.10404300  -2.42845300   0.35169600
C     1.30922300  -1.99760900   0.81009500
H    -0.02640100  -3.16553300  -0.44859300
H    -0.59333200  -2.93641700   1.18572700
H     2.00664800  -2.82093000   0.62458500
H     1.30470700  -1.84211200   1.89003800
C    -0.15194500  -1.54026700  -2.49592000
C     1.35584200  -1.61433800  -2.15494700
H    -0.27993000  -0.97287800  -3.42011100
H    -0.50984800  -2.55319100  -2.71033700
H     1.60753700  -2.58408900  -1.72721100
H     1.92343800  -1.54625700  -3.08548500
C     1.81363300  -0.73306500   0.17244200
C     1.81055100  -0.53451600  -1.21926400
C     2.25166600   0.31766700   0.98563300
C     2.17023900   0.71548100  -1.71158800
C     2.63493900   1.55686800   0.48370100
H     2.29016000   0.15535100   2.05791300
C     2.55463200   1.77318900  -0.89624000
H     2.13303900   0.87507600  -2.78554100
C     3.08300000   2.63839300   1.42121800
C     1.92338900   3.50193600   1.97733900
H     3.81021000   3.27273900   0.91189200
H     3.61263500   2.18387900   2.26177300
H     2.30627500   4.50846100   2.17872200
H     1.61716100   3.09726100   2.94417100
C     2.84775600   3.11136700  -1.51186400
C     2.07689200   4.29922500  -0.88496200
H     2.59882100   3.04726600  -2.57318000
H     3.92215400   3.32181100  -1.46525100
H     2.70408000   4.80035800  -0.14591400
H     1.89169800   5.03545300  -1.67058200
H    -3.03004600   3.17140900   2.53495000
H    -2.43925500   3.48344200  -2.43125800
H    -4.32679100   1.08429900   1.51699900
H    -4.39185900   2.02538600  -0.68025900
Cl    4.36460800  -3.21245600  -0.90115000
Cl    4.95589200  -1.55008500   2.21733300
Cl   -4.40220900  -2.45816100   2.09234200
Cl   -6.13745100  -0.29970000  -0.18137100
Sn   -4.27968900  -1.83437700  -0.22549900
Sn    4.76897700  -0.97223500  -0.10775900

Dp2Pb
SCF Energy =  -3386.69685592 au
C    -1.51163200   3.71635500  -0.49831600
C    -0.27124500   4.03713000  -1.03492100
C     0.89164000   4.06796600  -0.27791800
C     0.81744700   3.73705700   1.07771800
C    -0.42999800   3.46310600   1.62395500
C    -1.59746200   3.46016400   0.87299700
H    -0.20645200   4.26121700  -2.09671200
H    -0.49383000   3.22804400   2.68323000
C    -2.91113700   3.12935600   1.51893800
C    -3.22143700   1.61496000   1.57864300
H    -3.71363400   3.65005600   0.99453200
H    -2.89082500   1.21621600   2.53915100
C    -2.70628000   3.61951300  -1.40610700
C    -3.49206000   2.28774000  -1.32075700
H    -3.40301500   4.44242000  -1.21294900
H    -3.90595100   2.06495000  -2.30676800
C    -2.56325700   0.79923400   0.50203800
C    -1.78682700  -0.30746400   0.85961600
C    -2.66177500   1.12630400  -0.86236300
C    -1.07407700  -1.06636200  -0.06465500
H    -1.74341900  -0.58831300   1.90691700
C    -1.92321800   0.38195300  -1.77671100
C    -1.11194700  -0.68757400  -1.41112500
H    -1.97394100   0.66014800  -2.82573200
C    -0.25212200  -2.23173300   0.40033500
C     1.17779100  -1.84488900   0.84553600
H    -0.20447200  -2.98066500  -0.39129300
H    -0.75563800  -2.71048000   1.24315300
H     1.84660800  -2.69278500   0.66485100
H     1.18441600  -1.67526900   1.92337700
C    -0.28540200  -1.38170600  -2.45716000
C     1.22224200  -1.50055000  -2.12611400
H    -0.40229400  -0.82779000  -3.39094500
H    -0.67772700  -2.38622500  -2.64936500
H     1.44762100  -2.47296500  -1.68929500
H     1.78387100  -1.46073100  -3.06192000
C     1.72329800  -0.60780700   0.18856900
C     1.72051200  -0.42628500  -1.20577400
C     2.21636200   0.43004100   0.98577300
C     2.13331500   0.80017600  -1.71592900
C     2.65541700   1.64474300   0.46590900
H     2.25926200   0.27809000   2.05934300
C     2.57451600   1.84911900  -0.91608800
H     2.09492800   0.94888900  -2.79148400
C     3.15930900   2.71406200   1.38890100
C     2.04128000   3.63084500   1.94509100
H     3.90776500   3.31267300   0.86715300
H     3.67651900   2.24386900   2.22862600
H     2.46789900   4.62198800   2.13415800
H     1.72604300   3.24811600   2.91784900
C     2.92007500   3.16704600  -1.54888200
C     2.20546300   4.39257800  -0.92766300
H     2.65905300   3.10259100  -2.60730200
H     4.00259600   3.33386500  -1.51374100
H     2.85969700   4.87366200  -0.19889200
H     2.04508600   5.12821100  -1.71924000
H    -2.91916100   3.51496500   2.54083800
H    -2.35406100   3.75693400  -2.43080100
H    -4.30677800   1.47210400   1.54666700
H    -4.35106700   2.38809000  -0.65772500
Cl    4.17186600  -3.26116800  -0.76279400
Cl    5.02103800  -1.25825700   2.32410700
Cl   -4.42017100  -2.25341300   2.19118400
Cl   -6.23044300   0.17662400  -0.04795000
Pb   -4.36806000  -1.49659600  -0.18939800
Pb    4.69939200  -0.89251000  -0.12650600

Dp2As
SCF Energy =  -8392.21753635 au
C    -0.92546100   3.75403100  -0.88840100
C     0.37685200   3.67444000  -1.36474800
C     1.48263300   3.61053200  -0.52854500
C     1.27621400   3.60012700   0.85340500
C    -0.02226700   3.72946200   1.32932200
C    -1.12593100   3.82027300   0.49277300
H     0.53642600   3.64423000  -2.43959100
H    -0.18297100   3.74277900   2.40435100
C    -2.50680000   3.92251200   1.07215800
C    -3.15800400   2.55363200   1.38938500
H    -3.14323000   4.48690700   0.38837900
H    -2.97404900   2.30795900   2.43730800
C    -2.06999100   3.72569400  -1.86281800
C    -3.14162700   2.64120200  -1.58588700
H    -2.56613300   4.70187900  -1.90293400
H    -3.55404000   2.31244900  -2.54279400
C    -2.65307100   1.40584400   0.56128700
C    -2.17564500   0.26602600   1.19672500
C    -2.62134800   1.45020400  -0.83631300
C    -1.63397000  -0.81442600   0.50856900
H    -2.22810400   0.21460300   2.28032700
C    -2.04575900   0.38825700  -1.52275100
C    -1.52690600  -0.73265500  -0.88561400
H    -1.98483600   0.44339800  -2.60630400
C    -1.12267100  -2.00697700   1.26240300
C     0.34385200  -1.86228200   1.73824900
H    -1.23161200  -2.89599600   0.64016300
H    -1.75607100  -2.17553200   2.13653900
H     0.80021900  -2.85764800   1.77424200
H     0.34831900  -1.49137300   2.76530700
C    -0.84074700  -1.79464100  -1.69637000
C     0.58582300  -2.15528300  -1.21411600
H    -0.78660000  -1.43951600  -2.72759000
H    -1.44860200  -2.70530200  -1.71847700
H     0.55063200  -3.04129100  -0.57842200
H     1.18539000  -2.43224100  -2.08447400
C     1.18315400  -0.92766100   0.91323100
C     1.27373300  -1.04395300  -0.47699700
C     1.86503400   0.11143900   1.53652600
C     1.97632200  -0.07277600  -1.18022500
C     2.59643800   1.06297800   0.83763900
H     1.81368800   0.19052700   2.61911800
C     2.62394400   0.99101200  -0.56112500
H     2.02065200  -0.14686800  -2.26288700
C     3.29500400   2.17059500   1.56922400
C     2.40457500   3.41116400   1.82888900
H     4.18649600   2.45689600   1.00980100
H     3.65399400   1.79562000   2.53060900
H     3.04556400   4.29954100   1.85296300
H     1.96742200   3.32803000   2.82632600
C     3.29733500   2.03562800  -1.40487900
C     2.86235800   3.49159400  -1.10775400
H     3.07725300   1.80545100  -2.44935300
H     4.38528300   1.96116400  -1.30075700
H     3.57844500   3.96161600  -0.43158400
H     2.91240400   4.05884000  -2.04021700
H    -2.46866500   4.50406200   1.99634100
H    -1.65158600   3.55937500  -2.85783200
H    -4.24524700   2.64792800   1.28906300
H    -3.97565700   3.07513800  -1.03179600
Cl    4.81103700  -2.09171900  -1.97201700
Cl    6.12555100  -0.03448800   0.25357400
Cl    5.53461300  -3.18289100   1.05688800
Cl   -4.20336200  -3.29547000  -0.60345300
Cl   -5.12110600  -1.54094300   2.03629300
Cl   -6.74729000  -1.20192400  -0.81375600
As    4.50362300  -1.49820700   0.10914900
As   -4.68222200  -1.22428200  -0.08167200

Dp2Sb
SCF Energy =  -4401.60959855 au
C    -0.86263800   3.89983000  -0.92405600
C     0.44637200   3.79275800  -1.37602700
C     1.53533400   3.71452200  -0.51914200
C     1.30328600   3.71682400   0.85891200
C    -0.00114300   3.87251800   1.31017100
C    -1.08726800   3.97858500   0.45273200
H     0.62518700   3.75389400  -2.44752000
H    -0.18097400   3.89734500   2.38193300
C    -2.47623500   4.11268900   1.00578700
C    -3.16140700   2.75976100   1.31955600
H    -3.08839600   4.68576700   0.30732400
H    -3.00319600   2.51672800   2.37213400
C    -1.98906400   3.88856700  -1.91959400
C    -3.08726900   2.82749600  -1.65659300
H    -2.46520000   4.87380200  -1.97439700
H    -3.48770500   2.50062000  -2.61916500
C    -2.66394000   1.59705000   0.50788800
C    -2.22128500   0.45136600   1.15954300
C    -2.60423300   1.63186100  -0.88972900
C    -1.68495500  -0.64474000   0.48855900
H    -2.29772300   0.40645600   2.24169000
C    -2.03690300   0.55390500  -1.55840300
C    -1.54999000  -0.57334200  -0.90504400
H    -1.95419000   0.60084200  -2.64079700
C    -1.20645600  -1.83934000   1.26099900
C     0.25085600  -1.71062400   1.76689600
H    -1.31608300  -2.73059300   0.64286600
H    -1.86058100  -1.99278100   2.12231100
H     0.68904900  -2.71304600   1.82458000
H     0.23921000  -1.32764400   2.78937000
C    -0.86545500  -1.65068800  -1.69665000
C     0.54341200  -2.03362000  -1.18173500
H    -0.78267300  -1.30123100  -2.72778800
H    -1.48886800  -2.55014000  -1.72644900
H     0.47808500  -2.91405200  -0.54095000
H     1.15472600  -2.32732800  -2.03826700
C     1.12383200  -0.80041300   0.94958500
C     1.23719900  -0.92946800  -0.43872900
C     1.81802300   0.22803100   1.57736900
C     1.97246500   0.02251300  -1.13621000
C     2.58249100   1.16037900   0.88560300
H     1.74917000   0.31647500   2.65818100
C     2.63255200   1.07853300  -0.51327700
H     2.03712200  -0.06168100  -2.21669000
C     3.28625000   2.26129300   1.62223400
C     2.41005300   3.51671900   1.85659500
H     4.19238700   2.52753500   1.07762300
H     3.62157600   1.88763700   2.59252700
H     3.06481500   4.39463400   1.88609400
H     1.95354000   3.44803300   2.84637300
C     3.33848600   2.10429600  -1.35364200
C     2.92324100   3.56879700  -1.07216400
H     3.13199200   1.86949300  -2.39961700
H     4.42274400   2.01135100  -1.23050200
H     3.63517400   4.03021900  -0.38597300
H     3.00030200   4.12899700  -2.00688200
H    -2.44350900   4.69875000   1.92716100
H    -1.55612300   3.70805600  -2.90577800
H    -4.24431700   2.87560700   1.19763800
H    -3.92247300   3.28136000  -1.12062300
Cl    4.85086000  -1.75486000  -2.16660200
Cl    6.19733100   0.23347200   0.39249900
Cl    5.92377500  -3.23382800   0.81830200
Cl   -4.13296300  -3.28352400  -0.62869200
Cl   -5.05704000  -1.42783900   2.20005600
Cl   -7.05479400  -1.35165500  -0.67185900
Sb   -4.77656800  -1.07324200  -0.11230600
Sb    4.54718400  -1.43502300   0.14724700

Dp2Bi
SCF Energy =  -4350.38784625 au
C    -0.96268900   4.04855600  -0.88792300
C     0.33736700   3.98372000  -1.37263900
C     1.44883500   3.93623900  -0.54280800
C     1.25111200   3.92573200   0.84054500
C    -0.04588900   4.03927200   1.32481600
C    -1.15551700   4.11529000   0.49447200
H     0.49098400   3.95596700  -2.44833200
H    -0.19982200   4.05591500   2.40072500
C    -2.53400900   4.20584300   1.08164700
C    -3.17081700   2.83157500   1.40447800
H    -3.17991600   4.76376500   0.40165100
H    -2.98368600   2.58849200   2.45206300
C    -2.11240200   4.00804300  -1.85590100
C    -3.17102300   2.91205200  -1.57322800
H    -2.62055000   4.97780000  -1.89239400
H    -3.58374200   2.57727300  -2.52781900
C    -2.65312700   1.68939100   0.57629000
C    -2.15178400   0.55771500   1.21273700
C    -2.63049400   1.72999100  -0.82377900
C    -1.59508300  -0.51793800   0.52435100
H    -2.20449700   0.50492200   2.29584200
C    -2.04257700   0.67242200  -1.51076700
C    -1.49899800  -0.43977300  -0.87332000
H    -1.99006600   0.72453800  -2.59474600
C    -1.07358800  -1.70514400   1.28047500
C     0.39300600  -1.54698500   1.75091600
H    -1.18102200  -2.59631500   0.66179200
H    -1.70383700  -1.87394200   2.15645300
H     0.85565800  -2.53911400   1.78610100
H     0.39962700  -1.17474200   2.77722900
C    -0.80673200  -1.49618700  -1.68667100
C     0.62205900  -1.84685100  -1.20530500
H    -0.75642200  -1.14062300  -2.71770900
H    -1.40987000  -2.40967100  -1.70536000
H     0.59245300  -2.73012800  -0.56614600
H     1.22330400  -2.12222400  -2.07463900
C     1.21795400  -0.60601700   0.91813500
C     1.29987700  -0.72511800  -0.47443900
C     1.89194100   0.44607600   1.53313800
C     1.98356700   0.25684400  -1.18682400
C     2.60366700   1.40934800   0.82540300
H     1.84915300   0.52722000   2.61583200
C     2.61906900   1.33526200  -0.57615200
H     2.02706100   0.17527900  -2.26859400
C     3.29463100   2.52704800   1.54892600
C     2.38896500   3.75674400   1.80869700
H     4.18010100   2.81840000   0.98321800
H     3.66272200   2.16017200   2.50983400
H     3.01915400   4.65257100   1.82221200
H     1.96150800   3.67384600   2.81019600
C     3.27472400   2.38356900  -1.42892400
C     2.82645700   3.83431200  -1.12975800
H     3.04839000   2.14746100  -2.47046100
H     4.36341300   2.31661000  -1.33143300
H     3.54182900   4.31266000  -0.45912900
H     2.86491900   4.40002300  -2.06335200
H    -2.49665300   4.78762000   2.00535500
H    -1.69909300   3.84679000  -2.85365100
H    -4.25901200   2.91382700   1.30601900
H    -4.00666200   3.33698700  -1.01485100
Cl    4.71817900  -1.91773700  -2.21257200
Cl    6.29011100   0.53217900   0.04536500
Cl    5.87646900  -2.97238000   1.12089300
Cl   -4.03944400  -3.25387500  -0.65654600
Cl   -5.03372300  -1.34322000   2.31044800
Cl   -7.02988700  -1.09511100  -0.77369200
Bi    4.53069100  -1.17994300   0.11716600
Bi   -4.67750400  -0.95385400  -0.08284800