Dp3Ga
SCF Energy =  -8314.63938106 au
C    -2.28751900  -1.02566800   0.73845800
C    -1.44418600  -1.97916400   1.30325700
C    -0.61677000  -2.80478400   0.54948000
C    -0.62642900  -2.66996700  -0.83992600
C    -1.52263100  -1.77236900  -1.41023500
C    -2.35982400  -0.95102900  -0.65995000
H    -1.41308200  -2.06301400   2.38627600
H    -1.55752800  -1.69003700  -2.49327200
C    -3.26473300   0.03400100  -1.33908200
C    -2.58896200   1.38902700  -1.65489600
H    -4.15287200   0.18294900  -0.72550300
H    -2.19572100   1.36176700  -2.67352500
C    -3.06133300  -0.09890400   1.63042300
C    -2.88877200   1.40531200   1.31268500
H    -4.12634200  -0.35000500   1.58876700
H    -2.97129500   1.96374900   2.24788900
C    -1.45577700   1.75951400  -0.74235400
C    -0.22163200   2.11066800  -1.28427400
C    -1.58327600   1.74117000   0.65383500
C     0.90460700   2.36766400  -0.50951200
H    -0.12839700   2.16143800  -2.36580700
C    -0.45011500   1.98430500   1.42542700
C     0.79861000   2.25999600   0.87862600
H    -0.54496200   1.93731100   2.50695800
C     2.20872600   2.70978900  -1.16645800
C     3.06185200   1.47634100  -1.54931300
H     2.77961500   3.36813100  -0.51055400
H     2.01399000   3.28471600  -2.07456000
H     4.12153200   1.74905400  -1.50898700
H     2.84980900   1.20795700  -2.58649400
C     1.98359900   2.42412500   1.78754800
C     3.21301600   1.55527700   1.42782600
H     1.65837700   2.17620200   2.80025700
H     2.29538000   3.47402700   1.81797200
H     3.92771300   2.12406600   0.83358500
H     3.73646200   1.29948400   2.35192600
C     2.81839900   0.25781600  -0.70709600
C     2.86330000   0.29514900   0.69369400
C     2.50543000  -0.95141500  -1.32254000
C     2.51146200  -0.85233700   1.39850400
C     2.16268600  -2.09833100  -0.61452400
H     2.50163700  -0.99194900  -2.40840000
C     2.12495300  -2.03653600   0.77958900
H     2.51574800  -0.81070200   2.48434600
C     1.80063600  -3.35512200  -1.34901400
C     0.30179600  -3.44980500  -1.72697100
H     2.08979300  -4.21797500  -0.74715300
H     2.39087300  -3.41723200  -2.26606000
H     0.01010000  -4.50577900  -1.74716700
H     0.17112700  -3.08119500  -2.74655700
C     1.67054900  -3.19458300   1.62091200
C     0.29325900  -3.78475200   1.22916600
H     1.62676700  -2.85339000   2.65729300
H     2.41644800  -3.99678100   1.59770500
H     0.42909200  -4.65382100   0.58330400
H    -0.19075800  -4.15630300   2.13519500
H    -3.62394000  -0.39594200  -2.27693400
H    -2.73868700  -0.28464000   2.65728500
H    -3.35030300   2.17569100  -1.63683700
H    -3.70622700   1.76098600   0.68641900
Ga   -3.84448800  -3.52800500  -0.08495800
Ga   -1.43594600   4.70979800   0.07399900
Ga    5.36672200  -1.26218400   0.02380400
Cl   -3.67481000   4.61872500  -0.29476700
Cl   -5.69087100  -2.24432800   0.21802700
Cl    6.38834100   0.75860500  -0.17533600

Dp3In
SCF Energy =  -3111.30058875 au
C     2.80649900   0.24039900  -0.70511700
C     2.48962200  -0.97011700  -1.31657100
C     2.14658100  -2.11489400  -0.60457200
C     2.10787700  -2.04752800   0.78990300
C     2.49132800  -0.85967700   1.40475700
C     2.84864800   0.28373600   0.69601000
H     2.48303900  -1.01370200  -2.40240500
H     2.48890900  -0.81254600   2.49048000
C     3.21007600   1.54454400   1.42467300
C     1.99257500   2.43394400   1.77508600
H     3.93724000   2.09811500   0.83102300
H     1.66630700   2.20565800   2.79205800
C     3.06185700   1.45300400  -1.55245200
C     2.21777000   2.69480200  -1.17810100
H     4.12393400   1.71629500  -1.50772300
H     2.02828600   3.26557900  -2.09010000
C     0.80474400   2.27038500   0.87015400
C    -0.44407000   1.99858900   1.42093400
C     0.91028100   2.36723600  -0.51928600
C    -1.57912400   1.75529300   0.65255400
H    -0.53570000   1.95358200   2.50299100
C    -0.21845600   2.10867100  -1.29084500
C    -1.45356300   1.76870700  -0.74407000
H    -0.12669200   2.15002300  -2.37299400
C    -2.88698500   1.42773300   1.31105300
C    -3.06990100  -0.07544800   1.62858400
H    -3.70069500   1.79027200   0.68357000
H    -2.96730000   1.98605700   2.24656600
H    -4.13569100  -0.32185500   1.57835600
H    -2.75531200  -0.26333500   2.65764400
C    -2.59264700   1.40631900  -1.65211500
C    -3.26893100   0.05041100  -1.33930800
H    -2.20557600   1.38391300  -2.67332300
H    -3.35108400   2.19563900  -1.62295300
H    -4.15963100   0.19635200  -0.72887200
H    -3.62403600  -0.37905900  -2.27894000
C    -2.29618800  -1.00666600   0.74143300
C    -2.36609300  -0.93479700  -0.65741600
C    -1.45799400  -1.96244900   1.31024100
C    -1.53230400  -1.76195500  -1.40472700
C    -0.63776100  -2.79851600   0.55932600
H    -1.42513900  -2.04044200   2.39373700
C    -0.64545800  -2.66788300  -0.83112700
H    -1.56189500  -1.67860000  -2.48791200
C     0.26504200  -3.78245400   1.24367400
C     1.64642100  -3.20101700   1.63449900
H     0.39586100  -4.65508300   0.60172100
H    -0.22221500  -4.14701600   2.15095500
H     2.38652400  -4.00882000   1.61413800
H     1.60452300  -2.85633500   2.66980700
C     0.27860100  -3.45654500  -1.71521500
C     1.77704000  -3.37325400  -1.33295300
H     0.15383000  -3.08764600  -2.73540300
H    -0.02026700  -4.51059300  -1.73597600
H     2.05567900  -4.23447800  -0.72369800
H     2.36937800  -3.44712200  -2.24796700
H     3.72566200   1.28693400   2.35272600
H     2.85105000   1.18116300  -2.58905200
H     2.31874000   3.47981300   1.78951200
H     2.79502500   3.35199600  -0.52635100
Cl   -5.82250900  -2.12517000   0.28917200
Cl    6.44342700   0.89282800  -0.22093700
Cl   -3.81081200   4.62246900  -0.34723500
In   -1.39548300   4.91091200   0.06395200
In   -3.94717300  -3.67800800  -0.08363200
In    5.50597300  -1.37903400   0.02778800

Dp3Tl
SCF Energy =  -3058.43751877 au
C     2.79059300   0.22125400  -0.70539600
C     2.46579300  -0.98850900  -1.31401300
C     2.12263600  -2.13163300  -0.59931100
C     2.08699800  -2.06145400   0.79548300
C     2.47153500  -0.87213000   1.40729200
C     2.83381000   0.26779100   0.69585900
H     2.45492300  -1.03327200  -2.39984500
H     2.46785500  -0.82187300   2.49295500
C     3.21096900   1.52604400   1.42138500
C     2.00676000   2.43542600   1.76757100
H     3.94884800   2.06543700   0.82762000
H     1.67930400   2.22005700   2.78701000
C     3.05959200   1.42840500  -1.55615000
C     2.23108900   2.68128500  -1.18473900
H     4.12533800   1.67763700  -1.51077300
H     2.04858600   3.25137300  -2.09870800
C     0.81523200   2.27949300   0.86590800
C    -0.43349300   2.01102900   1.41908100
C     0.92034200   2.36951700  -0.52435800
C    -1.57002800   1.77008000   0.65264100
H    -0.52347800   1.96734000   2.50144300
C    -0.20972400   2.11027700  -1.29391600
C    -1.44584300   1.77923500  -0.74426900
H    -0.11856200   2.14472500  -2.37646100
C    -2.87987700   1.45289000   1.31222800
C    -3.07349500  -0.04861500   1.63162900
H    -3.69113600   1.82226800   0.68543200
H    -2.95516500   2.01229400   2.24750200
H    -4.14048200  -0.28992100   1.57700200
H    -2.76309000  -0.23722300   2.66192400
C    -2.59002000   1.42443400  -1.64839300
C    -3.27205700   0.07155600  -1.33441800
H    -2.20740200   1.40168100  -2.67135400
H    -3.34300400   2.21903300  -1.61284500
H    -4.16297800   0.22043400  -0.72483200
H    -3.62810500  -0.35727500  -2.27399900
C    -2.30375500  -0.98590800   0.74786100
C    -2.37376600  -0.91697300  -0.65132300
C    -1.47284900  -1.94637800   1.31918100
C    -1.54805300  -1.75344500  -1.39679800
C    -0.66357500  -2.79479300   0.57005900
H    -1.43817700  -2.01938100   2.40306200
C    -0.67231900  -2.66921000  -0.82122000
H    -1.57564600  -1.67095200  -2.48020100
C     0.23333400  -3.78313300   1.25648700
C     1.61998800  -3.21091800   1.64312000
H     0.35769300  -4.65900900   0.61743400
H    -0.25420300  -4.14109400   2.16636800
H     2.35318900  -4.02507700   1.62301700
H     1.58278000  -2.86407900   2.67788700
C     0.24559400  -3.46765800  -1.70349600
C     1.74546000  -3.38991800  -1.32453900
H     0.12077300  -3.10279600  -2.72512100
H    -0.05686600  -4.52081300  -1.71934500
H     2.02059500  -4.25156900  -0.71402200
H     2.33496800  -3.46882200  -2.24109100
H     3.72093400   1.26350300   2.35119300
H     2.84474400   1.15635800  -2.59192500
H     2.34931500   3.47609000   1.77311200
H     2.81785700   3.33235600  -0.53528200
Cl   -5.90772500  -2.02118600   0.34499900
Cl    6.46154800   0.95709900  -0.25061400
Cl   -3.87174800   4.63456600  -0.39437000
Tl   -3.99911600  -3.67111100  -0.06582700
Tl    5.51505500  -1.41276700   0.02091300
Tl   -1.36865400   4.95654700   0.04691300

Dp3Ge
SCF Energy =  -10151.3459438 au
C     0.66858600   2.46803500  -1.21218800
C     1.43556700   1.42526400  -1.71761200
C     2.32597700   0.69162400  -0.94312900
C     2.44043400   1.00314700   0.42291400
C     1.70080600   2.08288200   0.91533600
C     0.83347600   2.82977700   0.12832000
H     1.32787600   1.16159400  -2.76591300
H     1.81433500   2.34782300   1.96153400
C     0.07325200   3.97349500   0.73171400
C    -1.26909300   3.55813100   1.38195100
H    -0.10003500   4.73184100  -0.03299200
H    -1.10834200   3.38741200   2.44823400
C    -0.32297900   3.15526100  -2.10751500
C    -1.76079000   3.24465600  -1.54019100
H     0.02298800   4.16584100  -2.35028500
H    -2.46400500   3.20292300  -2.37491900
C    -1.88866500   2.31549800   0.80906200
C    -2.24818400   1.27795000   1.66027200
C    -2.09346600   2.15461800  -0.56501000
C    -2.75715900   0.06664400   1.20827600
H    -2.11126900   1.41213400   2.72950200
C    -2.58114600   0.93876300  -1.02544900
C    -2.90116100  -0.12546000  -0.17665700
H    -2.72212100   0.80356500  -2.09291000
C    -3.06819300  -1.03317200   2.17773600
C    -1.84023800  -1.90563300   2.53295000
H    -3.87137200  -1.64761400   1.77268000
H    -3.46271100  -0.59969300   3.09910500
H    -2.18890500  -2.91486700   2.77753900
H    -1.37948500  -1.51685100   3.44332900
C    -3.30187000  -1.44651400  -0.77037500
C    -2.45413600  -2.64815800  -0.28962600
H    -3.21821500  -1.35887900  -1.85475600
H    -4.35690400  -1.65314100  -0.56360300
H    -2.96346100  -3.15786200   0.52926300
H    -2.39366300  -3.37225100  -1.10504400
C    -0.77405400  -1.96944100   1.47603200
C    -1.06498800  -2.28477800   0.14474500
C     0.54416400  -1.69685500   1.82113600
C    -0.03653500  -2.23529500  -0.78795100
C     1.58358800  -1.67765400   0.89893300
H     0.77507500  -1.48100900   2.86048600
C     1.28411600  -1.91964200  -0.45301000
H    -0.26334900  -2.45906000  -1.82532400
C     2.97719000  -1.33837700   1.33390500
C     3.26404000   0.18077200   1.37425800
H     3.68701800  -1.84241000   0.67921600
H     3.15218800  -1.74689700   2.33133000
H     4.33105500   0.34010800   1.18784200
H     3.07338500   0.55645200   2.38100600
C     2.30909600  -1.78532000  -1.54481900
C     3.08946300  -0.44991000  -1.54290200
H     1.78883000  -1.89677900  -2.49760500
H     3.02778600  -2.60973200  -1.49386800
H     4.03566700  -0.56219700  -1.01494200
H     3.35203600  -0.20483600  -2.57410700
H     0.69336600   4.44978700   1.49437700
H    -0.34902700   2.61012800  -3.05307800
H    -1.96925400   4.39758200   1.31182800
H    -1.91582300   4.21307400  -1.06275500
Cl    0.92367700  -5.35645700  -1.81190800
Cl    3.40385100  -4.75064100   0.34959600
Cl    5.75742900   1.83250000  -0.75525100
Cl    4.54759200   3.83050400   1.64248600
Cl   -6.33465400  -0.26716300   0.97298200
Cl   -5.85034500   1.10017100  -2.04223200
Ge    1.18142200  -4.66112800   0.28377600
Ge    4.03290100   3.19818500  -0.42698400
Ge   -5.24102900   1.44827000   0.06701300

Dp3Sn
SCF Energy =  -4564.13728906 au
C     0.69543100   2.46911100  -1.17893200
C     1.45419600   1.42373800  -1.69289300
C     2.33859600   0.67448500  -0.92403500
C     2.45059200   0.96831400   0.44620600
C     1.72603500   2.05419100   0.94689400
C     0.86628900   2.81866400   0.16441400
H     1.34471400   1.16969200  -2.74343300
H     1.84232200   2.31033600   1.99499600
C     0.11686800   3.96320600   0.78007600
C    -1.22684900   3.55012800   1.42911100
H    -0.05340600   4.72998000   0.02307700
H    -1.06432900   3.36683500   2.49299900
C    -0.29172300   3.17169300  -2.06768200
C    -1.72776300   3.26834700  -1.49703500
H     0.06076600   4.18157300  -2.30405000
H    -2.43268800   3.23938800  -2.33092600
C    -1.85602400   2.31746300   0.84431400
C    -2.22196900   1.27262500   1.68478600
C    -2.06550900   2.17145900  -0.53102800
C    -2.73837100   0.06744500   1.22066100
H    -2.08452500   1.39501700   2.75542100
C    -2.55821500   0.96013600  -1.00440800
C    -2.87739400  -0.11282000  -0.16654000
H    -2.70098000   0.83718400  -2.07313100
C    -3.06337300  -1.03749500   2.18073000
C    -1.84757600  -1.92995000   2.52873300
H    -3.87606900  -1.63583800   1.77049300
H    -3.45149100  -0.60724900   3.10635400
H    -2.21108200  -2.93680700   2.76114200
H    -1.38372000  -1.55792400   3.44453300
C    -3.29292500  -1.42310100  -0.77432000
C    -2.46439400  -2.64075300  -0.30103000
H    -3.20373900  -1.32670000  -1.85744600
H    -4.35158300  -1.61588500  -0.57274600
H    -2.98317900  -3.14895900   0.51283600
H    -2.41214300  -3.35850700  -1.12263900
C    -0.78022100  -1.99427200   1.47293000
C    -1.07190100  -2.29672000   0.13847200
C     0.54047300  -1.73413400   1.82023400
C    -0.04199000  -2.24277600  -0.79557800
C     1.58072700  -1.71051600   0.89705700
H     0.77334300  -1.53009500   2.86159600
C     1.27897500  -1.93140600  -0.45801300
H    -0.27044000  -2.45634700  -1.83479200
C     2.97683100  -1.38397700   1.33511700
C     3.27073100   0.13335200   1.38943300
H     3.68373600  -1.88746600   0.67681000
H     3.14955800  -1.80119200   2.32932800
H     4.33778700   0.29052200   1.20166700
H     3.08300500   0.50111600   2.39969100
C     2.30633700  -1.79673300  -1.54746600
C     3.09547900  -0.46633200  -1.53463900
H     1.78725300  -1.89926700  -2.50186300
H     3.01907100  -2.62636700  -1.49881300
H     4.04213700  -0.58748800  -1.00921100
H     3.35748800  -0.21494600  -2.56447100
H     0.74215000   4.42718500   1.54618400
H    -0.32419700   2.63371500  -3.01708100
H    -1.92041800   4.39592700   1.37008000
H    -1.87322400   4.23365500  -1.01034100
Cl    0.77689200  -5.41991700  -2.01327900
Cl    3.52591500  -4.81627700   0.20444000
Cl    5.92079400   1.73187800  -0.59245400
Cl    4.51343800   3.95469000   1.85030200
Cl   -6.41625500  -0.39044300   0.92948100
Cl   -5.83393200   1.21414800  -2.22134200
Sn    4.12000700   3.31512000  -0.43313700
Sn    1.12284000  -4.83740500   0.29087900
Sn   -5.32946300   1.58867200   0.09603400

Dp3Pb
SCF Energy =  -4499.84510299 au
C     0.79792200   2.39924000  -1.14430400
C     1.53404800   1.34086500  -1.66905400
C     2.39638200   0.56045700  -0.90661200
C     2.50608200   0.82814200   0.46863300
C     1.81229900   1.92746500   0.98056900
C     0.97373800   2.72647800   0.20405500
H     1.42265000   1.10363100  -2.72345700
H     1.92948800   2.16938200   2.03210700
C     0.25035400   3.87735600   0.83774300
C    -1.09722500   3.47516600   1.48512800
H     0.08907300   4.65701400   0.09212900
H    -0.93276700   3.26658700   2.54407400
C    -0.17379100   3.13447300  -2.02471400
C    -1.60658100   3.25449800  -1.45045600
H     0.19791100   4.14009500  -2.24950600
H    -2.31497600   3.25213100  -2.28199700
C    -1.75173900   2.26622600   0.87681800
C    -2.13749600   1.21022100   1.69674100
C    -1.96300800   2.14882600  -0.50146000
C    -2.67598300   0.02376000   1.20895300
H    -1.99981600   1.30986000   2.76979600
C    -2.47422600   0.95310000  -0.99858000
C    -2.81286200  -0.12937200  -0.18210500
H    -2.62008300   0.85514500  -2.06938500
C    -3.03984000  -1.08761400   2.14807300
C    -1.85713600  -2.02920800   2.48297400
H    -3.87280500  -1.64824300   1.72462600
H    -3.41456600  -0.66148400   3.08111500
H    -2.25726400  -3.02848400   2.68559000
H    -1.38954200  -1.69713500   3.41210600
C    -3.26140600  -1.41556100  -0.81681400
C    -2.47277100  -2.66601400  -0.36216500
H    -3.16171000  -1.30174900  -1.89739600
H    -4.32671900  -1.57801600  -0.62338700
H    -3.01179700  -3.17278000   0.43942900
H    -2.43479800  -3.36986600  -1.19652100
C    -0.78381400  -2.09832700   1.43335100
C    -1.07469800  -2.36618600   0.09102400
C     0.54052400  -1.86789700   1.79146400
C    -0.03909100  -2.31024600  -0.83856300
C     1.58449400  -1.84197600   0.87231400
H     0.77248000  -1.68849900   2.83762800
C     1.28495200  -2.02862200  -0.48844900
H    -0.26694400  -2.50070400  -1.88231600
C     2.98438100  -1.54940400   1.32107300
C     3.30192000  -0.03849700   1.40294900
H     3.68462800  -2.05643300   0.65813600
H     3.14546900  -1.98489400   2.30937100
H     4.37210400   0.11036800   1.22716200
H     3.10928200   0.31347100   2.41824700
C     2.32283400  -1.89925500  -1.56823400
C     3.13685900  -0.58390300  -1.53089000
H     1.80958100  -1.97814000  -2.52806600
H     3.01721800  -2.74453600  -1.52258300
H     4.07814100  -0.73083900  -1.00109500
H     3.40699900  -0.32305000  -2.55634500
H     0.89082700   4.31929900   1.60432500
H    -0.21900000   2.60874900  -2.98043900
H    -1.77375400   4.33591200   1.44784200
H    -1.72924300   4.21506800  -0.94854400
Cl    0.44798900  -5.55127900  -2.12377600
Cl    3.49518800  -4.99576700   0.02232000
Cl    6.04874300   1.80641600  -0.02436400
Cl    4.09254300   4.49107400   1.82795300
Cl   -6.41276100  -0.38277500   0.75344100
Cl   -5.65446100   1.67238500  -2.32662400
Pb    4.09738500   3.32495800  -0.38763000
Pb    1.00266800  -4.95533000   0.23677000
Pb   -5.19424600   1.71381200   0.12730400

Dp3As
SCF Energy =  -12008.1282147 au
C    -0.75305900  -2.65504200  -0.64128000
C    -1.67366300  -1.79939000  -1.23381400
C    -2.46557900  -0.91747900  -0.50606800
C    -2.30016600  -0.86240300   0.88374200
C    -1.41162500  -1.74999100   1.47856600
C    -0.64702300  -2.65524700   0.75315900
H    -1.78249400  -1.82047000  -2.31424200
H    -1.30034200  -1.72576700   2.55928400
C     0.31401200  -3.56740300   1.45718200
C     1.71723100  -2.94880600   1.67957500
H     0.40310500  -4.49815500   0.89458400
H     1.75907700  -2.51588300   2.68091400
C     0.11057300  -3.52367900  -1.51184400
C     1.63280800  -3.39140300  -1.25739600
H    -0.17297100  -4.57654000  -1.40468800
H     2.15393200  -3.54760500  -2.20476600
C     2.09456900  -1.87096100   0.70274800
C     2.48971000  -0.62647800   1.17827000
C     2.03506200  -2.06601300  -0.68082900
C     2.78955400   0.44281900   0.34126500
H     2.56859600  -0.48020800   2.25161300
C     2.29623000  -0.98782300  -1.51702900
C     2.64726000   0.27023300  -1.04153500
H     2.21045400  -1.13150500  -2.59073100
C     3.19814100   1.76315300   0.92478800
C     2.00359900   2.67993300   1.28602500
H     3.86660200   2.26975000   0.22779000
H     3.78689400   1.58784800   1.82816300
H     2.32071200   3.72399500   1.18776400
H     1.75493600   2.54028200   2.33998500
C     2.83116600   1.40319500  -2.01074100
C     2.01084100   2.67641200  -1.68876000
H     2.54433000   1.03998000  -2.99984800
H     3.89056800   1.67192200  -2.07944800
H     2.62827700   3.38882300  -1.13982600
H     1.75260900   3.16402800  -2.63161000
C     0.75453400   2.43148400   0.48774600
C     0.75708100   2.40570000  -0.91030400
C    -0.44211100   2.18661900   1.15063800
C    -0.41500000   2.06193300  -1.57208800
C    -1.62555400   1.87821700   0.48805600
H    -0.45520400   2.23805000   2.23546900
C    -1.60062900   1.77041500  -0.90833600
H    -0.40020900   2.00443900  -2.65716800
C    -2.87932000   1.61032700   1.26777600
C    -3.02400000   0.14177100   1.73387800
H    -3.74178600   1.90162400   0.66762000
H    -2.89751100   2.25702200   2.14820700
H    -4.08873600  -0.10831500   1.78852500
H    -2.63787100   0.05226200   2.75138000
C    -2.79787600   1.31971400  -1.69479500
C    -3.42865800  -0.00984600  -1.21380100
H    -2.48646800   1.20775700  -2.73539700
H    -3.56767000   2.09834000  -1.68824500
H    -4.27759200   0.19050100  -0.55911500
H    -3.83861200  -0.53154700  -2.08183100
H    -0.09730900  -3.84258300   2.43101400
H    -0.09870300  -3.26001100  -2.55038900
H     2.46104800  -3.75313000   1.66837200
H     1.96970300  -4.18855100  -0.59281300
Cl   -1.06717300   7.00887600  -0.77523400
Cl   -3.58622400   4.89364000  -0.50796800
Cl   -1.59393700   5.42336200   2.06904000
Cl   -5.65810700  -2.47677200   0.71330500
Cl   -4.43308700  -3.92820500  -1.98576600
Cl   -4.58153500  -5.59454300   0.85822000
Cl    6.35311300   0.46453300  -0.80543300
Cl    5.90901700  -1.10563600   2.06401700
Cl    6.90405000  -2.78376500  -0.59617300
As   -3.90976000  -3.64720300   0.11706400
As   -1.44608100   4.97379700  -0.06388000
As    5.36432500  -1.33088100  -0.03977400

Dp3Sb
SCF Energy =  -6022.21511937 au
C    -0.84311700  -2.59780100  -0.68422900
C    -1.76123800  -1.65590200  -1.13533700
C    -2.49450600  -0.83999700  -0.27786100
C    -2.26732400  -0.94626300   1.10149200
C    -1.38439400  -1.92181900   1.55203300
C    -0.68035900  -2.75976100   0.69577400
H    -1.91754700  -1.55144400  -2.20470600
H    -1.22689700  -2.02315000   2.62238400
C     0.27809200  -3.77280300   1.24955100
C     1.70443400  -3.21745300   1.48659600
H     0.31995800  -4.63216300   0.57851100
H     1.79077700  -2.89381100   2.52556200
C    -0.04353700  -3.38407500  -1.68509000
C     1.49101600  -3.32828700  -1.48180700
H    -0.35785900  -4.43353800  -1.68888600
H     1.96841400  -3.39073600  -2.46225500
C     2.08162600  -2.05188300   0.61576200
C     2.54137300  -0.88068700   1.20780500
C     1.96203400  -2.08998900  -0.77760500
C     2.84819500   0.26677200   0.48137400
H     2.66939000  -0.85811100   2.28575300
C     2.23456100  -0.93524900  -1.50093700
C     2.64874500   0.25174200  -0.90630700
H     2.10271600  -0.95556400  -2.57927700
C     3.31894700   1.50291900   1.19050200
C     2.16875000   2.40158000   1.70604000
H     3.97225900   2.06774500   0.52537500
H     3.94006100   1.21193500   2.04063900
H     2.51546200   3.44072400   1.71204200
H     1.95945100   2.14810100   2.74728500
C     2.83057200   1.47949400  -1.75198300
C     2.05831900   2.72567200  -1.25476800
H     2.49837800   1.23696400  -2.76339600
H     3.89376000   1.72857600  -1.82968800
H     2.71868600   3.35939900  -0.66119500
H     1.76873500   3.32048700  -2.12413900
C     0.88166100   2.28048500   0.93978300
C     0.83240100   2.39849400  -0.45325000
C    -0.29864900   2.00879100   1.62273000
C    -0.37586800   2.15876900  -1.09794500
C    -1.51548800   1.80365600   0.98265000
H    -0.26731100   1.94125900   2.70683900
C    -1.54943600   1.84257100  -0.41846300
H    -0.40772000   2.22395600  -2.18122300
C    -2.74644300   1.48571500   1.77954400
C    -2.91695800  -0.02111800   2.09032300
H    -3.62091100   1.86421500   1.25055200
H    -2.71319200   2.02916300   2.72641100
H    -3.98551700  -0.24605500   2.16866200
H    -2.48700400  -0.23237400   3.07164100
C    -2.79015400   1.51932700  -1.20199600
C    -3.45318200   0.17037600  -0.83603900
H    -2.51906000   1.50921600  -2.25933900
H    -3.52988900   2.31814800  -1.08614600
H    -4.26195700   0.32746800  -0.12240000
H    -3.92284100  -0.23977200  -1.73286500
H    -0.10406800  -4.15075800   2.20044700
H    -0.28404800  -2.99608100  -2.67665800
H     2.42305100  -4.03554700   1.36606400
H     1.82566600  -4.20618000  -0.92696400
Cl   -1.36900900   5.35895500  -2.22368800
Cl   -3.60146500   4.87707300   0.44190300
Cl   -1.10314700   7.32297200   0.66074800
Cl   -5.80490000  -2.20764800   0.89140800
Cl   -4.67852200  -3.37827500  -2.21917700
Cl   -5.23445900  -5.62973800   0.40181500
Cl    6.39110700   0.55447300  -0.75813300
Cl    5.93526700  -1.35404300   2.14986200
Cl    7.30906800  -2.82484300  -0.71234800
Sb   -1.27394600   5.03668400   0.10595000
Sb   -4.09501400  -3.59390100   0.05117300
Sb    5.43428600  -1.51069500  -0.14554900

Dp3Bi
SCF Energy =  -5945.38071359 au
C    -0.98908400  -2.53942700  -0.69686700
C    -1.84795400  -1.55487400  -1.17683200
C    -2.55657000  -0.69338300  -0.34284100
C    -2.36549900  -0.79672600   1.04330100
C    -1.54292000  -1.81240800   1.52280300
C    -0.86358000  -2.69523600   0.68912100
H    -1.98017100  -1.45748300  -2.24997200
H    -1.41421300  -1.91091500   2.59721600
C     0.03438000  -3.74685900   1.27213300
C     1.47988700  -3.25408800   1.53119700
H     0.04978600  -4.61427800   0.61056300
H     1.56310200  -2.92583600   2.56869900
C    -0.20925700  -3.37498700  -1.67352100
C     1.32236300  -3.38563400  -1.44131400
H    -0.57001700  -4.40913000  -1.67099400
H     1.81402200  -3.47956300  -2.41202000
C     1.92284000  -2.11368300   0.65747600
C     2.41677000  -0.95458600   1.24893600
C     1.83250200  -2.16137100  -0.73921600
C     2.78825300   0.17168600   0.51852900
H     2.52826700  -0.92860400   2.32850200
C     2.16907600  -1.02466400  -1.46750000
C     2.61966000   0.15143200  -0.87442100
H     2.06139500  -1.05080700  -2.54834000
C     3.31452500   1.38641400   1.22600200
C     2.20692500   2.35483400   1.70808400
H     4.01405000   1.90435900   0.56978400
H     3.89962700   1.06827000   2.09167600
H     2.61038700   3.37301500   1.70359400
H     1.96623900   2.13101700   2.74918400
C     2.88200700   1.35887900  -1.72866700
C     2.17006800   2.64991500  -1.25714300
H     2.55594400   1.12439800  -2.74386400
H     3.95874300   1.54786200  -1.78745600
H     2.85239100   3.25186400  -0.65579700
H     1.92806000   3.25268500  -2.13522400
C     0.92990100   2.28701600   0.91834500
C     0.91416800   2.39134700  -0.47767800
C    -0.27671700   2.07331800   1.57952100
C    -0.29171000   2.19715200  -1.14608200
C    -1.48811800   1.91159700   0.91501000
H    -0.27100600   2.01754500   2.66471900
C    -1.49116400   1.93587700  -0.48818600
H    -0.29829400   2.25801100  -2.23005100
C    -2.74942600   1.66060600   1.68816700
C    -2.99648000   0.16605500   2.00800500
H    -3.59344900   2.07616100   1.13773300
H    -2.70985000   2.20925100   2.63164400
H    -4.07561000  -0.01103900   2.05917000
H    -2.60198800  -0.05499000   3.00188200
C    -2.73060600   1.66520500  -1.29287800
C    -3.46026300   0.35014400  -0.93052300
H    -2.44189600   1.63600000  -2.34508900
H    -3.43216100   2.49950200  -1.19254200
H    -4.27737800   0.54676600  -0.23643300
H    -3.92659300  -0.04910300  -1.83381500
H    -0.38190700  -4.09649000   2.21939400
H    -0.41420700  -2.98985200  -2.67385600
H     2.16248500  -4.10473200   1.43051700
H     1.60653000  -4.27171200  -0.87167100
Cl   -0.63936400   5.62126200  -2.27292700
Cl   -3.41569000   5.14351100   0.10084900
Cl   -0.60138300   7.35593000   0.97082100
Cl   -5.99035100  -1.92189000   0.87497300
Cl   -4.80899500  -3.27808400  -2.32305800
Cl   -5.31982900  -5.53040000   0.53942700
Cl    6.41219100   0.28216800  -0.73543900
Cl    5.78229100  -1.70520500   2.28052300
Cl    6.99126800  -3.35553300  -0.77440600
Bi   -4.21639800  -3.39706200   0.04877800
Bi   -0.96369700   5.09499800   0.09632100
Bi    5.24011300  -1.77701300  -0.10615900